$coord
  214.06439688101992    230.06848750042840    235.07437202644249      c
  213.91699824265481    231.33271428332890    233.42653083856621      h
  213.46724342302804    231.15319030070475    236.74488992791339      h
  216.77993333397657    229.15197032597888    235.34838231571089      c
  217.92321764437236    230.67319986295180    236.21009743230675      h
  216.86875046222218    227.61562297994283    236.72977211885032      h
  218.32194985841127    228.37529288536288    232.97110684054076      c
  217.48669090767581    228.82315797885676    230.81492932291823      o
  220.42521504431298    227.35295104747175    233.53802468040644      o
  212.20868581852622    230.15730462867404    224.91898378831505      c
  212.69434543467781    228.40363877735615    225.92242836487731      h
  213.34819067665623    230.18942997293311    223.17476656766158      h
  213.22346875188578    232.32482050309386    226.47044894341414      c
  215.19256338235263    232.17931159086169    227.60995380154418      o
  211.96869059964970    234.55091788763315    226.29659413918867      o
  212.95890709328179    235.76601179107863    227.27169282375766      h
  227.68554284685962    229.46755459017078    225.65597698014045      c
  229.23511827582584    230.50501423712498    226.56115579779268      h
  225.93754617394040    230.58060328244042    225.91297973421288      h
  227.22255994430262    226.95988801183154    226.88240924038323      c
  226.04526056351486    225.23078860024117    225.92620781714308      o
  228.08238533476560    226.65753183056981    229.25968471555336      o
  228.95354908202589    228.15230520168237    229.90786077913313      h
  221.09795754762027    236.07025769847323    216.57395318549203      c
  220.16443283797474    233.79880688674467    218.13108751898980      c
  219.77892870686608    234.69831652599825    220.87308013780688      c
  217.71156831748920    233.39818494657291    222.40942748384290      c
  218.20856629043811    230.82248822744978    223.36373918095015      n
  217.96479161929585    230.59761081763639    225.27614202743041      h
  218.22935327789986    228.76646619487022    221.93132677222283      c
  218.06683683047169    226.30037359145444    222.86863093413410      c
  218.08195463953476    224.10640155117420    221.37952674142022      c
  217.88164366944889    221.71400826694097    222.57194393127105      c
  218.09518272246498    219.42743964614934    221.31527605290211      c
  218.17077176778039    217.04449499258055    222.51147269501874      c
  218.71501289405148    214.78816198991510    221.27748153024439      c
  219.00981017078161    212.55828515311003    222.79871106721734      c
  219.60318417650771    210.19234803473722    221.91998841542551      c
  219.96034241562310    207.85664653449055    223.31460630149513      c
  220.28915476274520    207.87554379581942    226.22100509387323      c
  221.17354659293571    205.25071419724125    227.14697089898721      c
  219.62964034236811    203.09642640575163    226.03770165898334      c
  220.03593146093854    203.06052160922678    223.18988437672468      c
  219.99057803374927    205.63432860221704    221.95778293808323      c
  219.88475337030769    205.43779708439692    219.11941428648899      c
  221.03370685910213    203.82208124077971    218.49013548423810      h
  217.93833545343546    205.00504979996612    218.51659165009846      h
  220.50836299415994    207.11587389039937    218.07817518726901      h
  221.87841444050201    202.17235032677056    222.73257065256632      h
  218.62997521807162    201.84920715804708    222.23179322735163      h
  220.17010201637342    201.26528178298543    226.86540170518725      h
  217.60763338018049    203.33642162462809    226.47044894341414      h
  223.17287684152870    205.01638815676344    226.58383251138730      h
  221.14520070094241    205.22992720977950    229.22755937129432      h
  217.79282654120328    208.54639657299381    227.57782845728514      c
  216.29994289622360    207.15933759145574    227.16586816031605      h
  218.09707244859788    208.56907328658846    229.63762994213050      h
  217.06339225390940    210.40777681388619    227.03736678327985      h
  222.39241994864693    209.74637266737619    227.00335171288791      c
  222.81382887628044    209.49692881783531    229.02724840120842      h
  224.14419607383192    209.36086853626753    225.94699480460483      h
  221.88786307116646    211.73625428530480    226.71233388842350      h
  219.75814171940434    210.00715487371443    219.87530473964324      h
  218.74146905991185    212.86442078663751    224.81504885100631      h
  219.10429647742589    214.73902911046008    218.45234096158035      c
  219.31216635204333    212.82095708558114    217.70211968682477      h
  217.51314707353617    215.64231820197941    217.46401419408116      h
  220.82961643675051    215.79727574487603    217.95534298863143      h
  217.93455600116968    216.99536211312551    224.56560500146540      h
  218.34273684587299    219.46523416880706    219.26681292485409      h
  217.65676625963550    221.68566237494770    224.62229678545197      h
  218.39753890372668    224.24435155887488    218.55627589888908      c
  220.38931024778813    223.90987003335411    218.04604984300997      h
  217.24669568879932    222.81949805467909    217.57928748818719      h
  217.84573887292407    226.09628316910278    217.81550325479790      h
  217.87975394331602    226.10006262136858    224.91520433604924      h
  218.33706766747434    229.12173470785268    219.90176090550366      h
  217.33551281704496    234.51123363884255    224.11018100343998      h
  215.94845383550688    233.36605960231387    221.29259933930746      h
  221.58550688990474    234.63028638521436    221.91431923702686      h
  219.19878278407020    236.70142622685702    220.80127054475722      h
  218.33895739360725    233.13929246636758    217.35063062610803      h
  221.47968222646315    232.17742186472879    218.10274162699653      h
  222.71367339123751    236.93764199346774    217.57928748818719      h
  219.54838211865405    237.46109613227705    216.58718126842223      h
  225.08338996187607    227.74223463084618    233.49456097935010      o
  225.33661326368275    227.46066543704623    231.66719580884967      h
  223.17476656766158    227.67042503779652    233.49645070548297      h
  212.59794686385624    228.63234148182249    234.90177099117884      h
  210.22167633219885    230.11618493970465    224.37779562381468      h
  228.06702329575424    229.24634891320758    223.64393252919967      h
  221.65405317006451    235.71485824052013    214.62274047516129      h
$user-defined bonds
$end
