$coord
  226.90886540624362    224.13285771703460    224.67331939103988      c
  227.60995380154418    222.22234459668721    225.09472831867339      h
  228.00868601558304    224.84906392139825    223.05382409515690      h
  227.46444488931201    225.86573658089074    226.86351197905435      c
  226.18699002348129    227.58160790955091    227.66664558553074      o
  229.76235186690093    225.30826737168945    227.84616956815489      o
  230.10628202308612    226.60839895111479    229.10661689878961      h
  242.21375735648445    223.21823026871795    225.43865847485858      c
  243.77845059451377    222.34328706919192    226.49312565700879      h
  241.98132104213948    225.18165572078613    226.06793727710951      h
  239.76089283599887    221.71589799307387    225.82983178436592      c
  239.88372503463646    219.34051224403660    225.57093930416059      o
  237.74077559994413    222.90831518292470    226.32682975731484      o
  235.86616727612156    230.00045735964451    216.35663468021019      c
  234.99689325499418    227.71199901272001    217.91754846597371      c
  234.81736927237003    228.49812508400043    220.70300478584716      c
  233.20732260715147    226.74256950654967    222.33383843852747      c
  234.22210554051105    224.18954950102116    222.74957818776230      n
  235.63373096177662    223.92498784241718    224.11773990797153      h
  233.35850069778232    222.17699116949797    221.60440415123361      c
  234.02935347495674    219.66554513889295    222.25069048868050      c
  233.12606438343738    217.53771351326370    221.02236850230483      c
  233.58526783372861    215.10752570637277    222.13541719457450      c
  233.17519726289242    212.83418516851134    220.97323562284981      c
  233.57581920306416    210.46068914560698    222.19588843082681      c
  233.87628565819298    208.18734860774555    220.96567671831829      c
  234.29958431195936    205.94424368801029    222.47934735075967      c
  234.69642679986535    203.56885793897305    221.55527127177859      c
  235.02334942085457    201.18024410700556    222.89697682612740      c
  235.48255287114577    201.13300095368345    225.78258863104378      c
  236.21765633683830    198.44581039272006    226.65564210443694      c
  234.53580007857008    196.39734726467202    225.53692423376864      c
  234.89106859155260    196.39356781240625    222.68154804697841      c
  234.87784050862237    198.99572069738977    221.50424866619068      c
  234.61327885001839    198.86910904648644    218.66776974072931      c
  235.65451794923837    197.21370895407861    217.95723271476430      h
  232.61961777982401    198.55541450842742    218.13864642352135      h
  235.27846244879413    200.53206804342582    217.63031009377511      h
  236.70709540525567    195.46949173342517    222.19021925242816      h
  233.44542809989505    195.22760678841581    221.72912607600406      h
  234.99689325499418    194.52840811924810    226.33249893571349      h
  232.53646982997705    196.76017468218606    226.00746604085717      h
  238.18486124117226    198.08487270133890    226.06226809871083      h
  236.20820770617385    198.39289806099924    228.73623057674402      h
  233.09771849144408    201.94936264309004    227.26035446696034      c
  231.51790744435169    200.63222352846876    226.93910102436976      h
  233.50967878841317    201.96637017828601    229.30125869047683      h
  232.43820407106702    203.84664768050720    226.74256950654967      h
  237.73510642154548    202.85265173460937    226.50068456154031      c
  238.23777357289302    202.53517774428460    228.49623535786756      h
  239.40562432301638    202.38777910591952    225.34795162048007      h
  237.34204338590527    204.87465869679701    226.27202769946115      h
  234.67941926466938    203.39689286088043    219.50491841759765      h
  234.27312814609894    206.27683548739816    224.51269266974461      h
  233.92919798991380    208.09286230110126    218.11407998379383      c
  233.82337332647216    206.16534164555790    217.36574843517113      h
  232.38340201321330    209.20213154110513    217.27504158079262      h
  235.71309945935781    208.93379043023538    217.45267583728386      h
  233.79313770834602    210.49470421599892    224.25380018953928      h
  232.58182325716632    212.80961872878385    218.99658208785144      h
  234.36572472661035    215.08862844504389    224.04215086265611      h
  231.71632868830469    217.63408954604088    218.55816562502196      c
  232.94465067468036    216.89709635421548    217.04449499258055      h
  230.02124434710626    216.43600317779138    218.59784987381258      h
  231.15885947910343    219.55405129705269    218.02715258168109      h
  235.32003642371760    219.42743964614934    223.84939879710177      h
  231.93553691971942    222.52848023021471    220.14553557664590      h
  232.91630478268709    227.54759283915897    224.22923374981175      h
  231.33460400946180    226.53092017966648    221.44755688220411      h
  236.72977211885032    228.67386961435881    221.51180757072220      h
  233.91785963311648    230.37462313395591    220.81071917542164      h
  233.11283630050718    227.10539692406371    217.25047514106510      h
  236.27812757309064    226.07171672937528    217.78148818440596      h
  237.50267010720052    230.86595192850615    217.32984363864628      h
  234.31470212102244    231.37995743665104    216.39820865513369      h
  224.91975455561249    224.07173607432983    224.14182684578108      h
  242.71220440841194    223.12509937217362    223.44224686161226      h
  236.38130329826200    229.64726111682194    214.39381287227130      h
$user-defined bonds
$end
