$coord
  114.57031598459078    110.80031234948393    122.18591230011992      c
  113.99961869245932    112.52185285654274    121.16357046222879      h
  114.51362420060421    111.26329525204090    124.21358844070620      h
  117.31797778180650    110.09733422805047    121.41679376403548      c
  118.59165319537144    110.97605687984229    122.80385274557352      h
  117.70537163904805    108.06776836133128    121.53584651040725      h
  118.33087098903322    110.94771098784899    118.79385389159019      c
  117.14979215597968    110.16725409496723    116.78507501233275      o
  120.27539917977253    112.25729119793876    118.76739772572979      o
  112.48594806001792    111.33699457122344    112.21382749688239      c
  113.20215426438158    109.61356433803174    113.12845494519904      h
  113.70104196346338    111.77163158178713    110.58299384420208      h
  112.55775765306757    113.66513716693856    113.98639060952912      c
  111.06676373422080    115.41691329212355    113.80119744850631      o
  114.41346871556128    113.76340292584861    115.63045234513963      o
  115.46037699317991    112.12312064250386    115.92902907413556      h
  127.93823864862381    110.36000616052156    112.75617889702056      c
  129.64655107275243    110.96471852304497    113.77285155651305      h
  126.58708446361058    111.94359665987973    112.96971795003664      h
  126.71747556677968    108.17359302477288    114.19048103188076      c
  125.92568031710061    106.23095456016644    113.04908644761784      o
  126.50582623989651    108.57610469107752    116.54696951958915      o
  121.46025746509184    116.89467912804011    103.72706743409296      c
  120.54751974290807    114.60811050724850    105.31065793345113      c
  120.28295808430408    115.45092836251550    108.10367315785611      c
  118.22693605172451    114.19992966254520    109.73072735827064      c
  118.71637512014189    111.64690965701669    110.76818700522486      n
  118.68991895428148    111.42959115173484    112.70893574369842      h
  118.75416964279960    109.60033625510154    109.36223076235795      c
  118.74661073826805    107.10778748582538    110.29386574587058      c
  118.76739772572979    104.96672777726594    108.77263620889762      c
  118.69369840654726    102.52331188744481    109.92536914995787      c
  118.84865594944388    100.29343505063974    108.60634030920369      c
  118.92802444702507     97.85568833921727    109.74017598893508      c
  119.36077173145588     95.62770122854509    108.45327249243995      c
  119.64989982978739     93.34869151228501    109.94237668515385      c
  120.19414095605845     90.99598247684237    109.03719786750162      c
  120.54563001677518     88.63760426300109    110.43559520583699      c
  121.02562045452814     88.68484741632324    113.31931728462048      c
  121.91568146311728     86.06001781774508    114.24339336360156      c
  120.30563479789870     83.90384030012255    113.23238988250775      c
  120.55507864743961     83.83769988547157    110.36756506505311      c
  120.45114371013091     86.40583770006315    109.11845609121571      c
  120.14122862433766     86.16962193345245    106.29520524868455      c
  121.25994649500596     84.55390608983522    105.60356548404840      h
  118.15701618480773     85.71230820929412    105.83600179839334      h
  120.67224166767852     87.83447065652469    105.18404628254780      h
  122.36165683047830     82.92874161555356    109.81576503425050      h
  119.08487171605459     82.62638543429186    109.51340885298879      h
  120.88200126842884     82.07836485575503    114.05064129804722      h
  118.30819427543858     84.15706360192924    113.76529265198150      h
  123.88666581971701     85.78978698074243    113.60466593068621      h
  121.96292461643942     86.06568699614373    116.32587156204154      h
  118.60677100443452     89.40483307295267    114.78952421600552      c
  117.11577708558774     87.97620011649111    114.53441118806596      h
  119.03195938433377     89.53900362838755    116.82475926112335      h
  117.81119630248966     91.22463933892155    114.19048103188076      h
  123.19124660281508     90.53299957428540    113.98450088339622      c
  123.72603909842172     90.28544545087738    115.98194140585636      h
  124.87877203948196     90.12481872958210    112.83176794233599      h
  122.70180753439770     92.52855037061263    113.71804949865935      h
  120.33964986829065     90.81834822035113    106.99062446558646      h
  119.43258132450553     93.63970933674939    111.97005282574014      h
  119.69336353084375     95.57478889682429    105.62057301924438      c
  119.36455118372166     93.68695249007153    104.83066749569817      h
  118.40268058208287     96.89192801144559    104.66815104827000      h
  121.63789172158307     96.13603755829132    105.12924422469411      h
  118.77117717799557     97.76876093710453    111.79997747378043      h
  119.02062102753646    100.37847272661961    106.55409772888989      h
  118.59543264763721    102.46095092505958    111.98517063480321      h
  118.94881143448681    105.15003121215585    105.94560591410071      c
  120.91790606495366    104.81177023436932    105.35412163450749      h
  117.75072506623732    103.74029551702316    105.00452229992366      h
  118.36866551169092    107.01330117918108    105.26341478012900      h
  118.67669087135128    106.89613815894218    112.33854942165284      h
  118.72771347693920    109.95938422034982    107.33077516950587      h
  117.83009356381852    115.36589068653564    111.39368635521002      h
  116.45626266521064    114.10355362976803    108.63846565346275      h
  122.13111024226625    115.32242698547927    109.05420540269759      h
  119.75194504096321    117.46915587243736    108.09611425332456      h
  118.68613950201571    113.98072143113046    104.58878255068880      h
  121.84576159620049    112.97916658070108    105.20294354387664      h
  123.08542193937349    117.75261479237020    104.72295310612370      h
  119.91068203612561    118.28362783571107    103.75919277835200      h
  123.47470552274794    108.47972865830036    120.84609647190399      o
  124.06996925460690    108.07343753972994    119.14156350004114      h
  122.62999794134805    110.08599587125315    120.50783549411747      h
  113.01681975595481    109.45901375072910    122.01170066571134      h
  110.55817542165401    111.06843590022379    111.53977182264066      h
  128.39735635156958    110.11531878875104    110.76316078824459      h
  122.01277265675441    116.56756814392148    101.76989919297976      h
$user-defined bonds
$end
