$coord
  112.37445421817766    111.26140552590802    111.47872403118986      c
  112.98294603296684    109.33010541809888    111.01574112863288      h
  112.94893096257491    112.48027888161926    109.88379517503439      h
  113.95048581300428    112.06264940625154    113.74450566451976      c
  113.13412412359770    113.87867621995464    115.30163999801752      o
  116.01595647624829    111.12723497047313    114.06764883324320      o
  111.44470896079793    114.60622078111561    114.91046668851020      h
  127.23337080105746    109.79119859452298    107.95438479335814      c
  129.03994898409616    108.87657114620635    108.40980879138358      h
  127.14644339894474    111.63935075248514    108.89924785980097      h
  125.02617067784705    108.13012932371650    108.81987936221977      c
  125.12065698449132    105.79442782346986    108.33233001993527      o
  123.19313632894797    109.18270677973381    109.97639175554579      o
  119.17935802269886    118.10599357921983    102.06599816328648      c
  118.59921209990297    115.63801124967117    103.48896194134937      c
  119.37966899278474    115.98383113198923    106.26496963055837      c
  118.22504632559161    114.07709746390762    108.10367315785611      c
  119.11699706031364    111.46360622212678    107.84667040378366      n
  120.79696359244898    110.89290892999531    108.74806976917010      h
  117.85466000354603    109.72505817987199    106.64291485713551      c
  118.44425455700635    107.10778748582538    106.74307034217844      c
  117.15924078664411    105.27475313692631    105.40892369236118      c
  117.63545177213129    102.66882079967699    106.01930523328325      c
  116.79452364299718    100.65626246815378    104.63791543014383      c
  117.26128599781994     98.08245547516354    105.31821683798267      c
  117.01751132667769     96.05855878684302    103.70817017276411      c
  117.64112095052995     93.57167919596550    104.67759967893444      c
  117.55986272681587     91.36069962048930    103.35668111204738      c
  118.07197850882788     88.78311317523330    104.21461677637745      c
  119.41746351544245     88.30501246361322    106.76385732964019      c
  120.15634643340074     85.49309997787938    107.02841898824418      c
  118.04741206910037     83.69030124710648    106.27252853508992      c
  117.47860450310179     84.08147455661381    103.47951331068494      c
  117.31041887727497     86.82346717543088    102.69716669167028      c
  116.13122977035432     87.10881582149661    100.11769052028137      c
  116.74917021580792     85.53845340506864     98.90070689070302      h
  114.05631047644589     86.94251992180268    100.25753025411493      h
  116.55074897185494     88.87948920801045     99.12747402664931      h
  118.95448061288548     83.16117792989850    102.31355228669450      h
  115.70793111658793     83.12527313337367    102.92015437535079      h
  118.58409429083989     81.71175798597521    106.63724567873685      h
  116.33720991883887     84.05690811688631    107.41014366708707      h
  121.80040816901123     85.13594173876400    105.79442782346986      h
  120.79129441405033     85.14916982169420    108.98050608351505      h
  117.70537163904805     88.99854195438225    109.03152868910297      c
  115.98761058425501     87.82313229972738    109.06743348562779      h
  118.73338265533786     88.67161933339304    110.81543015854700      h
  117.09499009812599     90.98086466777930    109.01263142777410      h
  121.91757118925017     89.80545501312443    106.89802788507507      c
  122.97770754979901     89.24987553005604    108.60445058307080      h
  123.11376783136677     89.36892827642784    105.25207642333167      h
  121.64923007838038     91.85958731957112    106.96038884746029      h
  116.94570173362803     91.50431880658861    101.39703511224495      h
  118.21559769492718     93.57167919596550    106.65614294006571      h
  116.27673868258651     96.45540127474901    100.97940563687723      c
  115.90824208667381     94.68094843596938     99.97596106031496      h
  114.58921324591964     97.65537736913139    100.80366110651887      h
  117.83009356381852     97.43238968545087     99.99674804777669      h
  117.99449973737956     97.73474586671259    107.22306077993140      h
  115.77218180510606    101.00964125500340    102.87858040042731      h
  118.79007443932441    102.30977283442873    107.69360258701992      h
  115.31297835481485    105.86434769038662    103.32833522005409      c
  116.09910442609527    105.21995107907262    101.50852895408522      h
  113.51017962404194    104.86468256609011    103.60612496158828      h
  114.93314340210482    107.89013410484004    103.14503178516418      h
  119.96737382011219    106.55976690728855    108.02997383867357      h
  116.17469347141068    110.38079314798331    105.63002164990880      h
  118.61055045670028    114.60622078111561    110.07465751445584      h
  116.15768593621473    114.05631047644589    107.85044985604944      h
  121.46025746509184    115.94414688319864    106.41803744732212      h
  118.73905183373651    117.86032918194468    106.90558678960662      h
  116.54507979345628    115.26006602309404    103.39447563470509      h
  119.58375941513638    113.96938307433315    102.71417422686625      h
  121.07853278624894    118.75227991666671    102.65748244287968      h
  117.80741685022389    119.51194982208673    102.73496121432800      h
  110.31720959726795    111.32338661384568    111.56048631740552      h
  127.15584094684083    109.99093652403022    105.90575695058328      h
  119.12361072154557    118.05721469071068    100.00752906820124      h
$user-defined bonds
$end
