$coord
  341.08422862906127    337.73374419545507    349.17603593007766      c
  340.96706560882234    339.07544974980385    347.59244543071941      h
  340.34912516336874    338.73907849815021    350.84088465314989      h
  343.83944933080858    336.89092634018806    349.64090855876748      c
  344.57833224876686    337.60146336615310    351.43803811114174      h
  343.97550961237636    334.84057348600714    349.68626198595672      h
  345.52886449360835    337.79232570557451    347.55276118192887      c
  347.19938239507923    339.37024702653400    347.75496187814764      o
  344.96194665374264    336.65849002584309    345.36067886778153      o
  345.28508982246609    337.80555378850465    343.94716372038300      h
  339.36079839586955    337.74508255225237    338.68238671416367      c
  340.01086418558225    335.78165710018413    338.89214631491393      h
  340.34912516336874    338.48774492247645    337.00997908655984      h
  340.43983201774728    339.16426687804949    340.91604300323445      c
  342.63569378416042    338.71262233228981    341.51319646122636      o
  339.17560523484678    340.89525601577276    342.18215951226784      o
  337.50508733337585    341.39981289325323    341.45839440337267      h
  354.82820679353858    337.14981882039342    339.51764566489908      c
  356.59699045391955    337.61469144908324    340.50219298013252      h
  353.55264165384079    338.78821137760525    339.78031759737019      h
  353.47705260852536    334.96718513691047    340.69494504568689      c
  352.08621417472153    333.49319875325966    339.64425731580241      o
  353.74539371939505    334.81033786788095    343.24985477734822      o
  354.85088350713318    336.14637424383113    343.89236166252937      h
  348.22172423297036    343.69960959697499    330.42050406118761      c
  347.27308171426176    341.40170261938607    331.90015962323702      c
  346.51530153497464    342.29365335410807    334.55522483994139      c
  344.36668292188364    340.81399779205867    335.76275983885535      c
  344.96194665374264    338.24019079906839    336.66415920424180      n
  344.77297404045407    338.01720311538793    338.57278259845629      h
  344.99407199800169    336.14448451769823    335.27521049657082      c
  344.99785145026743    333.71429671080728    336.29755233446201      c
  345.00918980706479    331.43150754228139    334.93128034038563      c
  345.04320487745673    329.11470330336363    336.24841945500691      c
  345.28508982246609    326.77522235085121    335.07300980035205      c
  345.49106997095060    324.45463865966764    336.33723658325255      c
  346.03720082335457    322.16429058661021    335.13726048887020      c
  346.35467481367931    319.97787745086151    336.69061537010219      c
  346.88379813088733    317.57603553596391    335.83456943190498      c
  347.25418445293292    315.28379773677364    337.26698184063230      c
  347.66992420216781    315.36127650822192    340.15826282394733      c
  348.57321329368710    312.75345444483975    341.11068479492172      c
  346.98962279432891    310.57837966588835    340.10346076609363      c
  347.27119198812892    310.48578308537697    337.24241540090480      c
  347.19182349054768    313.02368528184240    335.95362217827676      c
  346.94426936713967    312.77613115843440    333.12848160961272      c
  347.98361874022680    311.09238517403321    332.48786445056447      h
  344.94871857081239    312.42653182385055    332.63337336279670      h
  347.59244543071941    314.39940590658313    332.01543291734311      h
  349.08910852796487    309.59005289838916    336.71140235756394      h
  345.82744122260425    309.25746109900126    336.36936192751159      h
  347.56976871712482    308.76613230445099    340.93871971682910      h
  344.98651309347014    310.81837488476486    340.61557654810565      h
  350.55364628095123    312.50023114303303    340.49652380173387      h
  348.60344891181330    312.77802088456724    343.19127326722878      h
  345.20950077715065    316.06425462965535    341.56610879294715      c
  343.72417603670254    314.64507030385823    341.25808343328680      h
  345.58555627759489    316.17385874536279    343.61079246872936      h
  344.43660278880043    317.89539925242161    340.97084506108814      h
  349.79586610166416    317.24344373657601    340.85368204084926      c
  350.29097434848018    317.00344851769955    342.86057119397378      h
  351.50984770419137    316.85793960546738    339.73496417018094      h
  349.27808114125349    319.23332535450464    340.57967175158086      h
  346.96694608073432    317.34926840001759    333.78988575612266      h
  346.13735630839750    320.31424870251516    338.70884288002401      h
  346.38868988407125    322.07358373223173    332.31023019407326      c
  346.64002345974507    320.15173225508704    331.58835481131092      h
  344.76730486205543    322.92585021816313    331.32946233110562      h
  348.08188449913683    323.16773516317249    331.78110687686529      h
  345.32099461899088    324.44896948126899    338.39892779423081      h
  345.40414256883787    326.74309700659217    333.01509804163959      h
  344.96950555827419    329.16572590895157    338.31200039211802      h
  345.05076378198822    331.42394863774990    332.08913223652564      c
  346.97639471139871    331.02710614984392    331.40505137642106      h
  343.79409590361928    329.96885951542794    331.30867534364387      h
  344.44605141946482    333.24186517758585    331.31245479590967      h
  344.98651309347014    333.58201588150530    338.36113327157307      h
  344.99407199800169    336.44117152056128    333.23430627305436      h
  343.69016096631060    341.82878072541826    337.44461609712357      h
  342.77742324412679    340.70250395021839    334.41349537997496      h
  348.17070162738247    342.32766842450002    335.82323107510769      h
  345.82555149647135    344.25518908004341    334.40971592770916      h
  345.59122545599354    340.61935600037140    330.93639929546538      h
  348.67525850486294    339.86157582108427    332.03999935707060      h
  349.80909418459430    344.56888361810240    331.46552261267334      h
  346.66270017333972    345.07533022171577    330.40916570439032      h
  351.31331618637131    335.83456943190498    347.76630023494494      o
  350.52341066282509    335.22418789098293    346.22995288890894      h
  350.24184146902513    337.25564348383494    348.24629067269785      h
  339.68731091848167    336.25715437210476    348.84274092498686      h
  337.35416602331537    337.72910405957111    338.21767888535049      h
  355.20534066069223    336.88688746230736    337.50980620315124      h
  348.79081426359829    343.33707817005649    328.47435667249698      h
$user-defined bonds
$end
