$coord
  109.10522800828549    115.12967491992492    115.27518383215713      c
  108.82743826675130    116.46949074814086    113.70104196346338      h
  108.49484646736343    116.16902429301203    116.96837844722266      h
  111.86989734069719    114.37945364516933    115.53407631236246      c
  112.94137205804336    116.03863318984293    116.20870854180262      h
  112.08343639371327    112.94515151030913    117.00617296988038      h
  113.42703167419496    113.51395907630771    113.28152276196276      c
  115.41124411372489    112.40657956243672    113.60277620455332      o
  112.72783300502728    114.08087691617339    110.90991646519129      o
  111.15558086246642    115.04085779167931    110.76062810069332      h
  107.26085530258911    115.35266260360544    105.23317916200281      c
  107.93359780589640    113.58009949095870    106.07221756500404      h
  108.46839030150304    115.78352016190337    103.60045578318962      h
  107.51785805666157    117.55797300068299    107.02652926211130      c
  106.21205729883758    119.41179433704379    107.19471488793812      o
  109.65891776522101    117.36711066126152    108.50051564576209      o
  109.79686777292164    119.01495184913780    109.33010541809888      h
  122.80952192397218    114.51551392673709    105.83789152452621      c
  124.57830558435316    115.01062217355313    106.80732103069656      h
  121.51128007067975    116.13500922262010    106.09867373086445      h
  121.50372116614820    112.32343161258974    107.07566214156631      c
  120.15445670726785    110.78519454042083    106.04954085140942      o
  121.77962118154950    112.23461448434414    109.62112324256329      o
  122.83786781596547    113.62167346588218    110.22961505735246      h
  116.20303936340397    121.08231223851470     96.74074992081474      c
  115.25439684469539    118.79385389159019     98.25253082712325      c
  114.57409543685655    119.69147380471088    100.93216248355509      c
  112.48783778615081    118.18914152906679    102.23796324137906      c
  113.15302138492655    115.62667289287386    103.11290644090512      n
  113.68970360666607    115.46037699317991    104.95160996820285      h
  112.90924671378430    113.50451044564328    101.77120088655631      c
  113.24183851317217    111.07999181715100    102.72362285753069      c
  113.00184329429570    108.80098210089092    101.35357141118860      c
  113.27774330969700    106.48417786197311    102.63102627701929      c
  113.34766317661376    104.14091745719492    101.43105018263689      c
  113.66702689307144    101.82978239667578    102.68393860874008      c
  114.08843582070493     99.52242678842239    101.46128580076308      c
  114.47016049954784     97.34735200947104    103.00708177746353      c
  114.91613586690885     94.93417173777607    102.13402830407036      c
  115.28463246282155     92.63437503405424    103.54943317760171      c
  115.75139481764431     92.68917709190791    106.43315525638521      c
  116.59799212517707     90.05867831493110    107.36667996603072      c
  114.95393038956657     87.92517751090321    106.35945593720267      c
  115.21660232203767     87.84013983492335    103.49652084588091      c
  115.16368999031687     90.38371120978744    102.22095570618310      c
  114.87834134425113     90.15505434770826     99.39959458978484      c
  115.92147016960402     88.48075699397160     98.73630071714197      h
  112.87901109565813     89.79411665632712     98.93283223496208      h
  115.50195096810340     91.78588800038858     98.28654589751520      h
  117.02318050507635     86.92551238660671    102.95983862414138      h
  113.75584402131707     86.63260483600943    102.62346737248774      h
  115.49817151583763     86.09403288813702    107.18148680500792      h
  112.96026931937222     88.20863643083605    106.88479980214487      h
  118.56519702951103     89.75443240753651    106.72984225924824      h
  116.64523527849921     90.07001667172841    109.44726843833780      h
  113.33254536755068     93.45640590185948    107.88257520030848      c
  111.81698500897640     92.05422911125834    107.62557244623605      h
  113.75017484291841     93.58490727889571    109.91781024542632      h
  112.57287546213065     95.28944025075856    107.27786283778508      h
  117.93969767952588     94.50898335787679    107.09266967676228      c
  118.47071072286674     94.25009087767145    109.08822047308952      h
  119.61966421166122     94.08379497797752    105.93615728343627      h
  117.46915587243736     96.51398278486846    106.83377719655695      h
  114.91235641464307     94.70740460182978    100.08745490215520      h
  114.36433583610624     97.69128216565620    105.03286819191695      h
  114.25095226813310     99.41471239884791     98.62102742303595      c
  114.37756391903645     97.48341229103879     97.88970340960921      h
  112.60311108025684    100.32745012103169     97.74230477124412      h
  115.94792633546442    100.44461314127059     97.98796916851926      h
  113.68781388053318    101.84301047960598    104.75318872424987      h
  113.21349262117889    104.09934348227144     99.37124869779156      h
  113.53096661150369    106.52386211076370    104.67948940506732      h
  112.49539669068234    108.78775401796071     98.55488700838495      c
  114.17914267508345    108.13201904984939     97.51931708756362      h
  110.93637263105168    107.49896079533271     98.07489657063201      h
  112.00784734839785    110.66047261565038     97.84057053015418      h
  113.74072621225397    110.92503427425437    104.72295310612370      h
  112.35933640911458    113.80875635303786     99.80777543448814      h
  111.83399254417236    119.20770391469215    103.92926813031173      h
  110.85889385960338    118.02284562937285    100.94917001875106      h
  116.27862840871940    119.74438613643167    102.13780775633613      h
  113.86355841089154    121.64545062611462    100.81122001105041      h
  113.53852551603522    118.03607371230305     97.33034447427507      h
  116.64334555236633    117.24049901035819     98.36024521669772      h
  117.79418876729369    121.95536571190787     97.77631984163607      h
  114.64779475603909    122.45992258938834     96.72563211175165      h
  120.19792040832422    113.07743233961112    114.70637626615856      o
  118.69747785881302    112.61633916318702    113.72371867705802      h
  119.47604502556190    114.09977417750225    116.04241264210869      h
  107.68751356477628    113.64697637189565    115.08951496209978      h
  105.30987738339300    115.17894539162222    104.59577062264901      h
  123.19065437043982    114.26671913529294    103.82900592126978      h
  116.77517355573271    120.72280493428859     94.79493412245469      h
$user-defined bonds
$end
