$coord
  109.09577937762107    115.13345437219070    115.36022150813697      c
  108.60067113080504    116.66980171822672    114.04686184578145      h
  108.69326771131642    115.86666811175033    117.26128599781994      h
  111.88123569749450    114.45315296435187    115.14101327672225      c
  113.01885082949167    116.03296401144426    115.88745509921208      h
  112.32154188645687    112.81853985940579    116.32965101430730      h
  113.07932206574401    113.90135293354926    112.58232409279508      c
  115.10132902793164    112.83554739460176    112.45760216802462      o
  111.95493501667706    114.64590502990620    110.43559520583699      o
  110.34866780372425    115.56431193048863    110.63212672365709      h
  107.32132653884146    115.32620643774503    105.18026683028202      c
  107.90903136616889    113.59143784775601    106.14591688418659      h
  108.48539783669901    115.63990097580405    103.48896194134937      h
  107.63880052916625    117.57687026201184    106.91881487253681      c
  108.04887110000243    117.47293532470313    109.18270677973381      o
  107.45549709427632    119.76517312389342    105.67537507709805      o
  107.61423408943872    121.13522457023551    106.90369706347371      h
  122.67157191627155    114.41157898942838    105.81332508479871      c
  124.37232543586860    114.90101805784576    106.90180733734084      h
  121.34876362325159    116.01217702398252    106.09111482633290      h
  121.37333006297908    112.11934119023810    106.99440391785224      c
  120.38500329547990    110.41858767064102    105.61868329311149      o
  121.30718964832809    112.10989255957367    109.37356911915526      o
  116.22571607699859    121.12577593957107     96.74641909921338      c
  115.31864753321349    118.85810458010830     98.29977398044539      c
  114.75928859787935    119.77084230229208    100.99263371980743      c
  113.18325700305272    117.93024904886146    102.54787832717231      c
  114.39457145423241    115.48494343290743    103.03353794332394      n
  115.82698386295974    115.43581055345240    104.32044143981905      h
  113.73883648612110    113.34766317661376    101.90726116812408      c
  114.63645639924177    110.94204180945034    102.50441462611595      c
  113.77474128264592    108.74240059077145    101.30632825786645      c
  114.30197487372101    106.37835319853151    102.44961256826227      c
  113.85033032796134    104.06721813801238    101.33656387599262      c
  114.20370911481096    101.73151663776572    102.58567284983003      c
  114.32654131344853     99.40337404205060    101.40081456451072      c
  114.70259681389277     97.21318145403615    102.96739752867293      c
  115.05975505300816     94.80000118234118    102.11135159047572      c
  115.41124411372489     92.49075584795493    103.55321262986749      c
  115.90635236054094     92.59658051139652    106.43315525638521      c
  116.73027295447908     89.96986118668548    107.40258476255553      c
  115.07487286207125     87.82880147812604    106.43504498251808      c
  115.30919890254906     87.69841037495694    103.57210989119633      c
  115.23549958336652     90.23631257142235    102.27197831177101      c
  114.87078243971959     89.97364063895125     99.45439664763852      c
  115.86855783788322     88.27666657161994     98.78354387046411      h
  112.85255492979773     89.65238719636069     99.02920826773925      h
  115.50384069423629     91.57990785190405     98.30733288497693      h
  117.10821818105619     86.76677539144431    103.02786876492527      h
  113.82765361436672     86.48331647151146    102.74440984499242      h
  115.62100371447519     86.01088493829005    107.28542174231663      h
  113.08310151800978     88.12926793325487    106.96605802585896      h
  118.69180868041437     89.65049747022780    106.76574705577306      h
  116.78129556006698     90.01332488774185    109.48317323486263      h
  113.49506181497884     93.40160384400581    107.87879574804272      c
  111.97761173027168     91.99375787500600    107.65391833822933      h
  113.91836046874523     93.57545864823129    109.91214106702766      h
  112.73728163569170     95.22329983610757    107.23439913672871      h
  118.11733193601714     94.40315869443521    107.06810323703478      c
  118.66724224068685     94.14426621422987    109.05987458109625      h
  119.78218065908939     93.96663195773861    105.89269358237991      h
  117.66568739025746     96.41004784755975    106.81487993522811      h
  115.02196053035044     94.55622651119893    100.06666791469347      h
  114.68936873096258     97.60435476354347    104.98751476472769      h
  114.27173925559485     99.20873225036338     98.56055618678360      c
  113.92025019487812     97.28121159482002     97.89537258800787      h
  112.83176794233599    100.45217204580213     97.72529723604815      h
  116.11989141355701     99.81344461288680     97.81978354269245      h
  114.51740365286999    101.79198787401806    104.63035652561230      h
  113.22861043024197    104.01997498469024     99.36746924552578      h
  115.13723382445647    106.41047854279057    104.33555924888215      h
  112.28563708993202    108.78586429182782     98.88369935550705      c
  113.39301660380303    107.88446492644138     97.37002872306566      h
  110.51118425115241    107.72005875288032     99.05566443359965      h
  111.84533090096969    110.70393631670676     98.25253082712325      h
  116.04052291597581    110.74740001776311    104.01808525855733      h
  112.27051928086895    113.57632003869293    100.47295903326388      h
  112.68058985170514    118.75983882119824    104.39036130673581      h
  111.40313498587443    117.53718601322124    101.54065429834426      h
  116.54885924572204    120.19036150379267    101.97907076117374      h
  113.68592415440030    121.55852322400187    100.90003713929603      h
  113.56498168189562    118.08520659175808     97.45506639904551      h
  116.70948596701733    117.30663942500919     98.37914247802659      h
  117.83387301608428    122.00827804362866     97.74797394964278      h
  114.67047146963371    122.50905546884336     96.73697046854898      h
  119.93902792811889    113.13034467133191    113.97883170499757      o
  120.13366971980612    112.90924671378430    112.13634872543408      h
  118.12111138828290    112.99617411589705    114.14701733082440      h
  107.68715686191588    113.65069382934313    115.11530123989876      h
  105.35434838434547    115.17327784128288    104.58832769397593      h
  123.15025795177212    114.23522097634923    103.81769493679766      h
  116.77965622731713    120.73508767234391     94.80134965451811      h
$user-defined bonds
$end
