$coord
  109.14869170934188    115.10510848019742    115.28841191508732      c
  108.68381908065200    116.61877911263882    113.93725773007409      h
  108.76129785210031    115.88745509921208    117.17057914344142      h
  111.93603775534820    114.38134337130221    115.11833656312761      c
  113.06987343507959    115.89879345600939    115.99139003652078      h
  112.31398298192532    112.69192820850245    116.24461333832747      h
  113.27585358356411    113.92780909940966    112.60689053252260      c
  115.42825164892086    113.11711658840173    112.56342683146623      o
  112.14579735609850    114.43803515528879    110.39780068317928      o
  110.48094863302624    115.29408109348599    110.48850753755779      h
  107.30809845591125    115.31486808094772    105.16136956895316      c
  107.92603890136486    113.52907688537078    106.01174632875170      h
  108.40791906525070    115.72115919951814    103.45494687095743      h
  107.66903614729240    117.48049422923467    106.99062446558646      c
  108.30587385407487    117.27073462848436    109.20160404106267      o
  107.30431900364549    119.71792997057126    105.90970111757588      o
  107.50462997373137    121.04451771585700    107.17770735274215      h
  122.67346164240440    114.30386459985391    105.84922988132354      c
  124.12288158632772    115.33187561614369    106.92070459866969      h
  120.87255263776440    115.34699342520678    106.03820249461209      h
  122.30118559422594    111.73572678526232    107.01330117918108      c
  122.82652945916816    111.20282401578855    109.18081705360093      o
  121.20325471101940    109.96694312488135    105.46372575021486      o
  122.42401779286352    108.49295674123054    105.43160040595581      h
  116.21248799406840    121.10309922597644     96.73697046854898      c
  115.25817629696115    118.83920731877944     98.27709726685076      c
  114.63078722084312    119.78784983748804    100.95672892328261      c
  112.52941176107429    118.37055523782381    102.32678036962470      c
  113.13223439746480    115.79296879256779    103.22817973501114      n
  113.37978852087282    115.56998110888728    105.12546477242834      h
  112.99428438976415    113.70860086799492    101.82033376601134      c
  113.03585836468764    111.25951579977513    102.77842491538436      c
  112.98294603296684    109.01074170164122    101.34979195892282      c
  112.97160767616951    106.66370184459726    102.61023928955754      c
  113.18325700305272    104.33933870114791    101.39325565997919      c
  113.36467071180974    101.99985774863548    102.62913655088640      c
  113.87867621995464     99.71139940171096    101.40648374290939      c
  114.20181938867808     97.51364790916496    102.94472081507830      c
  114.74983996721491     95.12125462493174    102.07355706781802      c
  115.10510848019742     92.81200929054548    103.48329276295071      c
  115.42825164892086     92.84602436093742    106.38969155532882      c
  116.29563594391537     90.22497421462504    107.33644434790453      c
  114.75361941948069     88.06690697086964    106.23284428629933      c
  115.15424135965245     88.01777409141461    103.38502700404067      c
  115.12400574152628     90.57268382307601    102.13213857793747      c
  115.02196053035044     90.36292422232569     99.29565965247613      c
  116.14256812715163     88.71886248671518     98.68905756381983      h
  113.06987343507959     89.95285365148951     98.69472674221848      h
  115.67580577232889     92.02021404086639     98.23930274419304      h
  116.99294488695017     87.12204390442682    102.92393382761657      h
  113.74828511678552     86.80645964023491    102.43071530693341      h
  115.29597081961887     86.23954180036922    107.06243405863611      h
  112.72972273116017     88.30312273748034    106.66370184459726      h
  118.29685591864127     89.97553036508413    106.79598267389925      h
  116.24272361219457     90.21363585782771    109.41703282021163      h
  112.92814397511316     93.53766412557357    107.73328683581052      c
  111.45226786532947     92.11659007364356    107.37234914442936      h
  113.24183851317217     93.62837097995208    109.79119859452298      h
  112.17036379582601     95.37258820060553    107.13046419942000      h
  117.53718601322124     94.71307378022844    107.17014844821061      c
  117.97938192831649     94.44473266935869    109.18648623199960      h
  119.28140323387470     94.33890800591708    106.09489427859867      h
  117.03073940960789     96.70673485042279    106.90558678960662      h
  114.85944408292228     94.91527447644719    100.02887339203575      h
  113.97694197886469     97.83112189948976    104.96294832500017      h
  114.18103240121633     99.63581035639554     98.57378426971380      c
  114.39079200196664     97.71206915311795     97.83490135175552      h
  112.54830902240315    100.51075355592160     97.63081092940388      h
  115.87233729014899    100.71484397827324     98.01442533437965      h
  113.21349262117889    101.97340158277508    104.69271748799753      h
  113.30797892782317    104.33933870114791     99.33345417513384      h
  112.89223917858833    106.67504020139457    104.67382022666867      h
  113.03774809082053    109.08066156855799     98.51142330732858      c
  114.96337902023099    108.67626017612046     97.82923217335686      h
  111.76407267725560    107.66714642115953     97.67616435659313      h
  112.47838915548637    110.93070345265302     97.78198902003473      h
  113.09066042254132    111.07999181715100    104.83255722183107      h
  112.78830424127962    114.05820020257877     99.79832680382371      h
  111.93792748148108    119.42880187223976    104.01052635402580      h
  110.85889385960338    118.24205386078758    101.08523030031883      h
  116.35610718016771    119.84265189534172    102.12835912567169      h
  113.95237553913718    121.75505474182201    100.79988165425310      h
  113.51962825470636    118.09843467468826     97.38703625826162      h
  116.62633801717035    117.26884490235147     98.37914247802659      h
  117.80930657635678    121.97993215163540     97.76309175870587      h
  114.65913311283640    122.48259930298296     96.71618348108723      h
  120.40768000907453    112.21193777074950    113.69537278506472      o
  120.72515399939931    112.13067954703541    111.88879460202605      h
  118.58976346923855    112.51996313040985    113.78041046104458      h
  107.70727423323116    113.64653127222824    115.09437494714933      h
  105.33776761814165    115.16891764852033    104.57889466135663      h
  123.14643989109869    114.20401363624066    103.84695529518439      h
  116.77813029747954    120.72787116331757     94.79222502439538      h
$user-defined bonds
$end
