$coord
  109.15625061387341    115.11266738472895    115.25817629696115      c
  108.93704238245867    116.41090923802139    113.63868100107815      h
  108.50240537189498    116.20870854180262    116.89656885417301      h
  111.90958158948779    114.35299747930893    115.68525440299331      c
  112.93381315351181    116.02540510691273    116.39201197669254      h
  112.03997269265690    112.94515151030913    117.19325585703605      h
  113.61789401361642    113.48939263658019    113.54419469443387      c
  115.56242220435574    112.33854942165284    113.94292690847274      o
  113.06609398281381    114.13756870015997    111.15936031473220      o
  111.61478431275764    115.26762492762558    110.99117468890537      h
  107.30242927751259    115.21093314363901    105.05365517937868      c
  108.01485602961048    113.27018440516545    105.32577574251421      h
  108.34555810286548    116.03863318984293    103.45872632322319      h
  107.89769300937158    116.70759624088444    107.40636421482131      c
  106.49551621877042    117.79418876729369    108.81987936221977      o
  110.42614657517257    116.68302980115693    107.93926698429506      o
  111.37289936774827    115.90257290827516    106.55220800275698      h
  122.67724109467019    114.34543857477739    105.83033261999468      c
  124.12099186019482    115.38667767399738    106.89613815894218      h
  120.87255263776440    115.38100849559872    106.01552578101747      h
  122.33898011688366    111.77163158178713    106.97550665652338      c
  123.02117125085536    111.17825757606104    109.07499239015932      o
  121.11065813050799    110.04820134859543    105.46183602408198      o
  122.26906024996688    108.52886153775538    105.44671821501889      h
  116.22004689859995    121.08987114304625     96.73697046854898      c
  115.28085301055577    118.81464087905194     98.26575891005345      c
  114.62889749471023    119.76517312389342    100.92649330515644      c
  112.67114122104070    118.22126687332585    102.35323653548510      c
  113.50073099337750    115.67769549846176    103.18849548622055      n
  115.06920368367260    115.64934960646848    104.30721335688885      h
  112.95271041484067    113.51773852857347    101.92615842945294      c
  113.75962347358283    111.12912469660603    102.59134202822869      c
  113.14168302812924    108.85011498034594    101.29498990106914      c
  113.59143784775601    106.52764156302948    102.47606873412266      c
  113.37978852087282    104.16926334918820    101.29498990106914      c
  113.73883648612110    101.87513582386502    102.54598860103943      c
  114.01662622765529     99.52053706228952    101.34790223278993      c
  114.42480707235859     97.37569790146432    102.91826464921790      c
  114.83865709546055     94.94173064230760    102.07166734168514      c
  115.22038177430345     92.66461065218040    103.50785920267822      c
  115.63990097580405     92.73075106683140    106.40102991212615      c
  116.46193184360931     90.09647283758881    107.35345188310050      c
  114.83109819092900     87.96675148582669    106.31977168841206      c
  115.15802081191822     87.86848572691663    103.46250577548896      c
  115.13723382445647     90.40638792338206    102.17749200512674      c
  114.94070230663637     90.17962078743578     99.34857198419692      c
  115.96682359679326     88.48642617237024     98.71929318194601      h
  112.95082068870778     89.86025707097811     98.81188976245740      h
  115.63612152353828     91.80100580945167     98.26197945778767      h
  116.97404762562131     86.94629937406845    102.96739752867293      h
  113.71427004639358     86.66095072800272    102.55921668396962      h
  115.35266260360544     86.13749658919339    107.15881009141329      h
  112.82609876393732     88.25587958415821    106.79598267389925      h
  118.43858537860768     89.79033720406134    106.75818815124153      h
  116.47327020040662     90.10970092051900    109.43404035540759      h
  113.20026453824869     93.50931823358027    107.80698615499306      c
  111.66958637061133     92.13359760883954    107.50274024759847      h
  113.57443031256004     93.60191481409167    109.85544928304111      h
  112.47838915548637     95.36502929607400    107.21928132766563      h
  117.82253465928696     94.54677788053449    107.09644912902806      c
  118.31764290610300     94.28032649579762    109.09955882988683      h
  119.52328817888406     94.12158950063524    105.97206207996111      h
  117.36522093512865     96.55177730752618    106.83566692268984      h
  114.79708312053705     94.69039706663381    100.03076311816864      h
  114.38323309743511     97.75364312804143    104.94027161140554      h
  114.02040567992107     99.36368979326001     98.50953358119570      c
  114.09599472523649     97.42294105478646     97.79899655523070      h
  112.33476996938707    100.27831724157666     97.71017942698508      h
  115.68147495072753    100.37658300048670     97.77254038937029      h
  113.94481663460563    101.92615842945294    104.60201063361902      h
  112.99239466363126    104.12768937426470     99.26731376048284      h
  114.19426048414654    106.54275937209258    104.45272226912105      h
  112.02485488359382    108.91058621659828     98.68527811155407      c
  113.31553783235471    107.99973822054740     97.32656502200929      h
  110.22016642668802    107.88446492644138     98.59457125717555      h
  111.73194733299654    110.84566577667317     98.03143286957562      h
  114.95015093730079    110.94771098784899    104.27319828649691      h
  111.63557130021938    113.78230018717747    100.35768573915786      h
  112.05886995398576    119.24738816348275    104.05587978121505      h
  110.98739523663960    117.94347713179165    101.15892961950136      h
  116.36744553696502    119.94091765425178    102.07355706781802      h
  113.83332279276537    121.68513487490523    100.77342548839269      h
  113.55931250349697    118.03985316456881     97.36813899693277      h
  116.66980171822672    117.26128599781994     98.38670138255813      h
  117.81686548088831    121.96670406870518     97.76120203257298      h
  114.66669201736795    122.46937122005278     96.72752183788454      h
  120.66468276314698    111.52407745837913    113.59143784775601      o
  121.23726978141134    111.74517541592675    111.86233843616566      h
  118.82597923584925    111.71493979780057    113.55553305123119      h
  107.71344663977663    113.65274985984453    115.08572436210105      h
  105.30910999186507    115.13695705678974    104.53985763071651      h
  123.15029264893259    114.21594401523070    103.82977381230397      h
  116.78098610230741    120.72385831262714     94.78910908367484      h
$user-defined bonds
$end
