$coord
  341.40170261938607    340.64770189236469    354.56553486106742      c
  341.18438411410420    341.91003894913234    352.92336285158984      h
  340.80454916139422    341.71350743131222    356.24361166706990      h
  344.14747469046893    339.83511965522388    354.87356022072782      c
  345.28508982246609    341.45272522497396    355.53874381950357      h
  344.32510894696020    338.38380998516772    356.34187742597999      h
  345.50996723227951    338.93372028983742    352.53407926821541      c
  344.82021719377622    338.98474289542537    350.37034284606131      o
  347.86078654158922    337.97184968819863    353.12178409554286      o
  348.43337355985358    337.19706197371556    351.55331140524777      h
  339.56110936595542    340.71195258088284    344.35723429121924      c
  340.22251351246547    338.75608603334621    344.66148019861384      h
  340.60045873904255    341.41871015458202    342.71317255560871      h
  340.30188201004665    342.25774855758328    346.65325154267526      c
  338.87324905358514    343.26308286027842    348.14613518765492      o
  342.79632050545570    342.42215473114430    346.97450498526581      o
  354.91513419565132    339.83511965522388    345.13202200570231      c
  356.62722607204569    339.93716486639971    346.30365220809142      h
  353.80397522951455    341.55854988841560    345.53075421974125      h
  353.28052109070524    337.63925788881073    345.87468437592639      c
  352.22983336082081    336.11613862570493    344.52353019091316      o
  352.97627518331063    337.48619007204701    348.43337355985358      o
  351.91235937049601    336.00464478386471    348.73006056271657      h
  348.46927835637837    346.61923647228332    336.05944684171840      c
  347.53197419446713    344.32510894696020    337.56177911736245      c
  346.84978306049538    345.20194187261910    340.25463885672451      c
  344.56321443970376    343.89803084092802    341.44138686817666      c
  344.96194665374264    341.35256973993103    342.50152322872555      n
  343.74307329803139    341.69461016998338    345.48351106641906      h
  345.03942542519093    339.43449771505215    341.00108067921428      c
  345.00918980706479    336.87580853112496    341.95728210245443      c
  345.03942542519093    334.68183649084472    340.57967175158086      c
  344.93171103561644    332.25731786235247    341.84389853448130      c
  345.25863365660570    329.98964650288968    340.65148134463044      c
  345.37957612911038    327.58402513572622    341.88736223553769      c
  346.02775219269017    325.35792775118699    340.70817312861703      c
  346.32632892168607    323.10915365305306    342.25207937918464      c
  347.00285087725916    320.76400352214199    341.42059988071492      c
  347.36945774703895    318.42641229576242    342.85490201557514      c
  347.73606461681879    318.50956024560941    345.75563162955461      c
  348.67903795712868    315.92630462195473    346.73450976638941      c
  347.16347759855444    313.71910449874429    345.68949121490363      c
  347.52630501606842    313.63028737049871    342.83600475424629      c
  347.41103172196244    316.18330737602719    341.55666016228270      c
  347.24095637000272    315.92630462195473    338.72207096295426      c
  348.38046122813273    314.29736069540729    338.09657161296911      h
  345.28131037020029    315.49166761139099    338.15893257535430      h
  347.84944818479192    317.58170471436250    337.63547843654504      h
  349.37445717403062    312.75345444483975    342.36924239942357      h
  346.11845904706860    312.37928867052835    341.93838484112558      h
  347.74551324748319    311.91819549410428    346.55120633149949      h
  345.14147063636676    313.93453327789325    346.14113576066325      h
  350.67647847958881    315.71087584280576    346.16381247425790      h
  348.66014069579978    315.94898133554938    348.81509823869646      h
  345.24918502594124    319.16340548758785    347.14080088495979      c
  343.79409590361928    317.71209581753169    346.81954744236924      h
  345.60067408665793    319.28056850782673    349.19304346527360      h
  344.44983087173063    320.97754257515805    346.53419879630349      h
  349.80342500619565    320.44652953181719    346.47183783391824      c
  350.26262845648688    320.24810828786417    348.49384479610586      h
  351.54386277458332    320.08370211430315    345.38524530750902      h
  349.24028661859575    322.41562416228402    346.14491521292905      h
  347.24662554840137    320.56180282592317    339.38536483559710      h
  345.96161177803913    323.41906873884625    344.25707880617631      h
  346.53230907017064    325.29556678880175    337.89437091675035      c
  346.78553237197730    323.36993585939126    337.17060580785511      h
  344.97139528440704    326.17239971446071    336.83612428233437      h
  348.26140848176095    326.36893123228077    337.44083664485777      h
  345.04509460358963    327.54812033920143    343.93015618518706      h
  345.55721038560159    330.00287458581988    338.61057712111398      h
  344.63124458048765    332.26676649301686    343.88858221026362      h
  345.24540557367550    334.67616731244607    337.74130309998657      c
  347.08032964870745    333.90137959796300    337.13092155906452      h
  343.76575001162604    333.49130902712676    336.88714688792226      h
  345.06399186491842    336.58290098052765    336.97029483776925      h
  344.82210691990912    336.76620441541763    344.00763495663540      h
  345.02619734226079    339.71228745658630    338.94127919436897      h
  343.88102330573201    345.06210213878558    343.02308764140196      h
  343.03442599819931    343.84511850920723    340.01842309011380      h
  348.50707287903612    345.03942542519093    341.51319646122636      h
  346.35278508754647    347.22394883480672    340.16582172847887      h
  345.81610286580695    343.57299794607172    336.63581331224844      h
  348.91714344987230    342.76608488732950    337.64303734107654      h
  350.06798666479961    347.49228994567648    337.08745785800812      h
  346.91025429674772    347.99873654928984    336.06511602011699      h
  352.95359846971604    338.41782505555966    353.35799986215358      o
  352.65691146685299    339.00364015675422    351.64212853349335      h
  351.36433879195920    338.77309356854215    354.21026634808499      h
  339.96399753797306    339.18232329426087    354.39685818790446      h
  337.56540295544363    340.65815995526259    343.85023879474824      h
  355.40161023966692    339.73305247432688    343.13309591748555      h
  349.03229860885443    346.25460052713140    334.11192765573429      h
$user-defined bonds
$end
