$coord
  112.36878503977901    111.20849319418721    111.48439320958852      c
  112.94137205804336    109.22239102852441    111.19904456352279      h
  113.00562274656146    112.27996791153338    109.81009585585184      h
  113.74450566451976    112.24406311500854    113.77096183038014      c
  112.84877547753196    113.42703167419496    115.49439206357185      o
  116.26162087352344    111.71682952393346    113.78041046104458      o
  116.76995720326967    110.94015208331746    112.19493023555353      h
  127.21447353972863    109.79308832065587    107.95627451949103      c
  128.99648528303979    108.82932799288420    108.41547796978224      h
  127.17856874320378    111.64501993088381    108.89546840753519      h
  124.97136861999337    108.18682110770308    108.84255607581440      c
  125.02050149944839    105.84356070292488    108.38146289939030      o
  123.15912125855603    109.28097253864387    110.00662737367195      o
  119.17746829656598    118.10788330535270    102.05843925875493      c
  118.59165319537144    115.64368042806981    103.48707221521647      c
  119.41746351544245    115.99705921491945    106.24796209536240      c
  118.19481070746544    114.18292212734923    108.12823959758363      c
  119.02251075366935    111.53541581517644    107.96005397175681      n
  120.74216153459528    110.97416715370940    108.79531292249226      h
  117.79040931502792    109.79875749905453    106.68637855819188      c
  118.39323195141844    107.19660461407099    106.77330596030463      c
  117.14979215597968    105.35034218224173    105.39569560943099      c
  117.65056958119439    102.75763792792263    106.00229769808728      c
  116.83987707018643    100.73563096573498    104.60767981201766      c
  117.31608805567363     98.17127260340918    105.28987094598938      c
  117.05530584933540     96.13981701055710    103.68549345916948      c
  117.67513602092190     93.65671687194536    104.66059214373847      c
  117.57309080974606     91.44006811807050    103.34156330298428      c
  118.07953741335942     88.86059194668161    104.19571951504859      c
  119.42313269384111     88.36926315213134    106.74496006831133      c
  120.14311835047054     85.54979176186596    107.00574227464955      c
  118.01906617710708     83.76778001855480    106.24796209536240      c
  117.45403806337428     84.16462250646077    103.45683659709032      c
  117.30474969887631     86.90850485141074    102.67448997807566      c
  116.13500922262010     87.19763294974224    100.09312408055386      c
  116.77562638166833     85.64049861624447     98.87047127257685      h
  114.06197965484455     87.00110143192214    100.22729463598874      h
  116.53563116279184     88.97775496692051     99.11235621758622      h
  118.92424499475931     83.23865670134681    102.28709612083409      h
  115.67769549846176     83.22353889228373    102.89369820949038      h
  118.54063058978352     81.78356757902486    106.60889978674356      h
  116.31264347911134     84.14194579286615    107.38557722735956      h
  121.78529035994816     85.18129516595326    105.77364083600811      h
  120.77428687885435     85.20208215341501    108.95782936992042      h
  117.72237917424403     89.07413099969769    109.01452115390700      c
  115.99894894105232     87.90628024957435    109.05798485496335      h
  118.75039019053384     88.74342892644269    110.79653289721816      h
  117.12144626398640     91.06023316536049    108.99562389257812      h
  121.93646845057901     89.85080844031367    106.87346144534756      c
  122.99471508499498     89.28767005271376    108.57799441721041      h
  123.12888564042986     89.40105362068689    105.22750998360415      h
  121.68513487490523     91.90683047289326    106.93582240773279      h
  116.94381200749515     91.58368730416981    101.38758648158053      h
  118.26851002664799     93.65860659807825    106.63346622647107      h
  116.28618731325095     96.53665949846308    100.96617755394703      c
  115.98194140585636     94.76220665968347     99.94383571605590      h
  114.54763927099616     97.67049517819447    100.82066864171483      h
  117.79040931502792     97.58923695448040     99.98918914324516      h
  118.06441960429633     97.82545272109110    107.18904570953946      h
  115.83076331522551    101.08523030031883    102.84267560390248      h
  118.80330252225463    102.40425914107300    107.67848477795684      h
  115.33565506840947    105.94938536636649    103.29054069739637      c
  116.14823730555030    105.30309902891958    101.48396251435770      h
  113.52529743310502    104.95916887273439    103.53998454693728      h
  114.97471737702830    107.97895123308565    103.10156808410781      h
  119.91446148839138    106.64480458326838    108.06209918293261      h
  116.14256812715163    110.46772055009605    105.63191137604170      h
  118.58598401697277    114.77440640694242    110.08032669285450      h
  116.12934004422144    114.21882692387405    107.86178821284675      h
  121.49427253548377    115.86666811175033    106.38780182919595      h
  118.86377375850695    117.90946206139972    106.86401281468312      h
  116.52996198439320    115.29597081961887    103.42471125283124      h
  119.54218544021290    113.95993444366871    102.69905641780316      h
  121.07664306011604    118.75227991666671    102.64992353834815      h
  117.80552712409100    119.51383954821962    102.72362285753069      h
  110.31284121909044    111.30752709691788    111.56229987973664      h
  127.15010707329381    109.99144212538354    105.90705640442376      h
  119.12296716948394    118.05757457266159     99.99997361281062      h
$user-defined bonds
$end
