$coord
  213.65054685791793    229.90786077913313    229.07827100679634      c
  214.30817155216215    227.94821477933073    228.89496757190642      h
  214.18344962739167    230.94909987835311    227.34350241680733      h
  215.13587159836607    231.11728550417996    231.17964646656515      c
  217.21268061840738    230.38596149075320    231.82404307787917      o
  214.07951469008299    233.22055069008167    232.17175268633014      o
  215.33240311618616    233.91408018085068    233.33582398418770      h
  228.59639084291049    228.38663124216018    225.52936532923709      c
  228.80992989592659    226.34761674477659    225.82794205823302      h
  230.28580600571024    229.38440664032382    226.22478454613901      h
  226.21911536774033    229.22755937129432    226.88429896651610      c
  224.58639198892718    227.76680107057368    227.60995380154418      o
  225.89030302061826    231.70121087924161    227.33972296454152      o
  227.23956747949859    232.72166299099985    226.62351676017789      h
  220.38364106938948    236.75433855857781    219.68255267408892      c
  219.74113418420836    234.29013568129491    221.09228836922159      c
  220.42521504431298    234.63217611134726    223.89664195042388      c
  219.02114852757893    232.90118697362399    225.73345575158874      c
  219.73735473194259    230.22155531719216    225.64463862334313      n
  221.09228836922159    229.60172514560566    226.87485033585168      h
  218.67910809752664    228.53402988052528    224.16876251355944      c
  219.14776017848229    225.92053863874443    224.39175019723993      c
  218.12541834059115    224.05537894558628    222.85729257733678      c
  218.48824575810519    221.48157195259606    223.60373439982661      c
  217.88164366944889    219.42366019388359    222.14486582523892      c
  218.29171424028507    216.88197854515241    222.90075627839315      c
  218.19533820750792    214.83351541710437    221.28693016090881      c
  218.78493276096822    212.36931253982146    222.30549254653417      c
  218.81516837909442    210.15077405981373    220.97701507511559      c
  219.33484306563795    207.59397460201944    221.85573772690739      c
  220.61607738373442    207.13288142559534    224.44277280282785      c
  221.39842400274910    204.33230729665883    224.70922418756473      c
  219.32728416110641    202.50683185229133    223.90609058108834      c
  218.81894783136016    202.88855653113421    221.10173699988601      c
  218.64320330100179    205.62487997155262    220.30616229794117      c
  217.54905187006102    205.89700053468815    217.69078133002745      c
  218.24069163469716    204.34364565345615    216.49269496177794      h
  215.47791202841836    205.67401285100763    217.76448064920999      h
  217.95345326249856    207.68090200413221    216.71946209772423      h
  220.33261846380157    201.99093661801351    219.96790132015465      h
  217.07662033683962    201.91345784656522    220.49324518509687      h
  219.87719446577614    200.53584749569157    224.28403580766548      h
  217.58873611885161    202.85265173460937    225.00213173816201      h
  223.07650080875152    204.00916412793538    223.51113781931522      h
  221.99746718687382    203.99404631887231    226.67264963963291      h
  218.85485262788501    207.78861639370666    226.68020854416443      c
  217.17488609574968    206.56029440733101    226.71233388842350      h
  219.87341501351037    207.50704719990674    228.47544837040581      h
  218.18022039844485    209.75204184577484    226.64430374763964      h
  223.08405971328307    208.68056712842869    224.62607623771777      c
  224.14041662156615    208.10798011016436    226.32871948344771      h
  224.30482279512719    208.30640135411733    222.98201450210723      h
  222.76469599682540    210.72714053034386    224.73568035342512      h
  218.30494232321530    210.29061379364728    218.98713345718699      h
  219.24224648512657    212.37120226595437    224.31427142579162      h
  217.61330255857914    215.20390173914993    218.52226082849714      c
  217.24480596266642    213.42755917423744    217.52448543033350      h
  215.96735109683573    216.44356208232293    218.25391971762738      h
  219.24224648512657    216.12419836586523    217.60952310631336      h
  218.86997043694808    216.55316619803028    224.86040227819558      h
  217.11063540723154    219.75436226713856    220.25891914461903      h
  219.35751977923258    221.15842878387261    225.45566601005456      h
  216.71001346705978    224.64119404678084    220.46111984083780      c
  217.69456078229322    223.78325838245078    218.83973481882194      h
  214.79572089444665    223.83050153577290    220.50836299415994      h
  216.57962236389068    226.66887018736713    220.06805680519759      h
  220.34017736833312    225.33283381141698    225.97723042273097      h
  217.30716692505166    229.27480252461643    222.81382887628044      h
  219.33673279177083    233.48511234868567    227.69877092978982      h
  216.99158266085976    233.03724725519174    225.33472353754988      h
  222.48879598142409    234.46776993778619    224.16876251355944      h
  219.88664309644057    236.56158649302350    224.47678787321979      h
  217.69267105616032    233.94620552510978    220.93544110019209      h
  220.73890958237200    232.62717668435556    220.32128010700427      h
  222.26580829774358    237.41574270508781    220.32128010700427      h
  218.97390537425682    238.15840507531186    220.31561092860559      h
  211.59307674044831    229.95942976022650    229.16157474548567      h
  228.46283602916151    228.61274879811148    223.48637337634395      h
  220.38641399336097    236.69333423120494    217.62365662525460      h
$user-defined bonds
$end
