$coord
  341.24863480262235    337.64492706720944    349.06643181437022      c
  340.77620326940092    339.29087852895282    347.89291188584826      h
  340.98407314401834    338.21751408547379    351.04308534936865      h
  344.02653221796419    336.90793387538400    348.64502288673674      c
  345.22083913394795    338.13814558789255    349.84121952885334      h
  344.46116922852792    334.98608239823932    349.24406607086155      h
  345.20761105101775    337.24430512703765    346.06176726308206      c
  347.27875089266041    336.37314137977739    345.47028298348886      o
  343.85645686600458    338.67293808349922    344.50085347731851      o
  344.81832746764331    338.99419152608976    342.96261640514962      h
  339.30221688575011    337.85090721569395    338.88458741038244      c
  339.84267855975543    336.01220368839626    339.69905937365610      h
  340.47573681427212    338.24208052520129    337.23107704410751      h
  339.61780114994201    340.04109980370845    340.72518066381303      c
  340.51542106306272    342.04231977843432    340.11479912289093      o
  338.84490316159179    339.70283882592190    343.12891230484354      o
  338.28554422625768    337.96429078366708    343.45583492583279      h
  354.80741980607684    337.04588388308468    339.56110936595542      c
  355.73527533732369    335.49063927571979    340.57211284704931      h
  355.68047327946999    338.75986548561195    340.36613269856474      h
  352.04275047366514    337.03454552628733    340.25274913059161      c
  350.23428256449358    336.88903661405516    338.84112370932598      o
  351.73094566173899    337.18572361691821    342.79254105318989      o
  349.91113939577014    337.13848046359607    343.21394998082343      h
  348.21794478070461    343.74496302416424    330.41105543052316      c
  347.26363308359737    341.46217385563841    331.89638017097133      c
  346.37357207500821    342.36546294715777    334.49475360368905      c
  344.47061785919237    340.60990736970700    335.73441394686205      c
  345.50051860161500    338.10413051750066    336.35991329684720      n
  346.96127690233567    338.02098256765368    337.62225035361479      h
  344.85612199030106    335.96873998733986    335.23174679551443      c
  345.57610764693050    333.55366998951200    336.03677012812375      c
  345.01107953319769    331.28032945165057    334.78955088041926      c
  345.36823777231302    328.96163548659990    336.06322629398414      c
  345.23784666914395    326.61270590342303    334.90860362679103      c
  345.51752613681100    324.31101947356831    336.19928657555187      c
  345.95783232577338    321.99043578238474    335.03143582542856      c
  346.32632892168607    319.84370689542664    336.63014413384985      c
  346.85734196502693    317.43619580213033    335.81756189670898      c
  347.24662554840137    315.17419362106619    337.28965855422689      c
  347.65480639310471    315.30836417650113    340.18282926367482      c
  348.55809548462406    312.71943937444780    341.18249438797136      c
  346.98584334206316    310.52357760803466    340.19416762047217      c
  347.29008924945771    310.38184814806829    337.33690170754903      c
  347.20694129961078    312.89896335707192    336.00842423613045      c
  346.97639471139871    312.62117361553771    333.18517339359931      c
  347.96472147889790    310.89585365621315    332.57479185267727      h
  344.97517473667284    312.34338387400356    332.66360898092290      h
  347.69827009416105    314.20854356716166    332.06078634453235      h
  349.11556469382526    309.48044878268183    336.83801400846727      h
  345.85956656686329    309.13273917423084    336.47329686482033      h
  347.56220981259327    308.72833778179336    341.06533136773243      h
  344.97706446280574    310.76735227917692    340.67604778435799      h
  350.54230792415393    312.46243662037534    340.58345120384661      h
  348.57132356755420    312.77046198003569    343.26308286027842      h
  345.19249324195471    316.03401901152921    341.57744714974444      c
  343.71094795377229    314.60160660280189    341.30154713434314      h
  345.56854874239889    316.18519710216009    343.62024109939387      h
  344.40825689680713    317.85004582523231    340.94627862136065      h
  349.77885856646816    317.20375948778542    340.84612313631771      c
  350.29097434848018    316.98644098250355    342.85112256330939      h
  351.48717099059672    316.81636563054383    339.71795663498494      h
  349.24973524926014    319.18986165344819    340.55699503798621      h
  346.93482073647527    317.17730332192502    333.77854739932536      h
  346.14302548679615    320.23110075266823    338.64081273924012      h
  346.19971727078274    321.84114741788682    332.19873635223303      c
  346.37546180114111    319.90228840554613    331.50142740919819      h
  344.57077334423531    322.72364952194437    331.25576301192308      h
  347.89858106424691    322.88616596937254    331.59969316810822      h
  345.53831312427275    324.36771125755490    338.26853669106168      h
  344.98651309347014    326.54656548877199    332.86014049874296      h
  345.79909533061095    329.02210672285219    338.08334353003892      h
  344.07755482355213    331.24442465512578    332.10613977172159      c
  345.50429805388080    330.36570200333392    330.86647942854859      h
  342.33144787676582    330.13893486738766    331.91338770616727      h
  343.75819110709449    333.14926859707447    331.38048493669351      h
  346.59278030642292    333.43839669540597    337.83200995436511      h
  343.55599041087572    336.18605849262167    333.64248711775764      h
  343.70527877537370    341.44705604657537    337.47674144138261      h
  342.85679174170798    340.30377173617950    334.45506935489846      h
  348.00629545382145    342.66970885455237    335.75898038658954      h
  345.43248846083111    344.21172537898701    334.28877345520453      h
  345.63657888318278    340.61179709583990    330.88915614214324      h
  348.69982494459043    339.96551075839295    332.12314730691759      h
  349.79775582779695    344.62746512822190    331.45418425587604      h
  346.66081044720681    345.12257337503792    330.37326090786547      h
  352.15991349390401    333.52721382365161    346.55498578376523      o
  352.54919707727851    334.44562072423400    345.00918980706479      h
  350.32876887113787    333.66138437908648    346.63057482908067      h
  339.75547401456959    336.24877584747617    348.81342037267206      h
  337.33609885807891    337.76032725235950    338.27716883272791      h
  355.19454689271146    336.85822566820752    337.54673622024632      h
  348.78974415644251    343.34877770731390    328.47227622040435      h
$user-defined bonds
$end
