$coord
  114.61377968564716    110.80220207561680    122.03851366175483      c
  114.04875157191434    112.44248435896155    120.88578072069460      h
  114.56653653232500    111.42014252107040    124.01894664901900      h
  117.37466956579308    110.03686299179812    121.38844787204219      c
  118.61999908736472    111.44659868693081    122.29362668969441      h
  117.86977781260912    108.26052042688562    122.32575203395346      h
  118.49338743646138    109.77419105932702    118.67291141908551      c
  117.15924078664411    109.92347942382497    116.69814761022000      o
  120.86877318549863    109.36412048849083    118.59921209990297      o
  112.55397820080179    111.11211716141005    112.11556173797233      c
  113.08688097027556    109.37356911915526    113.11711658840173      h
  113.70293168959627    111.29542059629996    110.39780068317928      h
  112.94515151030913    113.53852551603522    113.64623990560970      c
  112.35933640911458    115.58698864408325    112.77318643221653      o
  113.99205978792777    113.37222961634129    115.90257290827516      o
  114.86511326132094    111.72060897619923    116.26917977805498      h
  128.08374756085601    110.39780068317928    112.84877547753196      c
  129.87520793483162    109.97072257714713    113.80686662690498      h
  127.65477972869098    112.40280011017094    113.21349262117889      h
  126.05796114640259    108.93704238245867    114.26418035106330      c
  126.53795158415555    106.95282994292876    115.39801603079469      o
  123.86398910612239    110.12568012004375    114.43614542915590      o
  122.69991780826483    109.52474720978611    115.85721948108589      h
  121.44136020376297    116.95515036429246    103.67793455463793      c
  120.47759987599130    114.71393517069009    105.26341478012900      c
  119.93524847585311    115.68336467686042    107.96194369788968      c
  117.83009356381852    114.35488720544183    109.43026090314183      c
  118.39890112981711    111.79808774764754    110.42425684903968      n
  118.52551278072042    111.58265896849858    112.34232887391860      h
  118.34031961969764    109.72694790600487    109.03152868910297      c
  118.38567304688689    107.25707585032335    109.99339929074176      c
  118.32709153676744    105.04987572711292    108.53264099002115      c
  118.31197372770434    102.65370299061392    109.74584516733374      c
  118.48393880579694    100.36713436982228    108.48539783669901      c
  118.63511689642780     97.98607944238637    109.68915338334716      c
  119.13022514324383     95.71840808292360    108.44760331404129      c
  119.48738338235921     93.48853124611854    109.96127394648269      c
  120.01083752116854     91.11314549708129    109.05420540269759      c
  120.39445192614433     88.76232618777155    110.41858767064102      c
  120.81208140151206     88.75476728324000    113.31175838008895      c
  121.65300953064617     86.10915069720011    114.21693719774117      c
  120.05052176995915     83.98887797610242    113.12089604066749      c
  120.40201083067588     83.96620126250778    110.26740958001017      c
  120.35854712961951     86.54378770776380    109.04853622429894      c
  120.17902314699536     86.35670482060813    106.21394702497047      c
  121.34498417098580     84.76177596445264    105.55443260459337      h
  118.22693605172451     85.88049383512094    105.66403672030074      h
  120.74405126072818     88.04611998340789    105.15570039055450      h
  122.22370682277763     83.05535326645690    109.76852188092836      h
  118.96392924354990     82.77567379878982    109.33199514423178      h
  120.57019645650269     82.14450527040603    113.92780909940966      h
  118.03985316456881     84.26099853923795    113.58954812162314      h
  123.63722197017610     85.82758150340014    113.62923237041373      h
  121.64734035224753     86.08080480520682    116.29752567004826      h
  118.37811414235536     89.48609129666674    114.74417078881626      c
  116.87767159284414     88.07446587540117    114.46071186888341      h
  118.77306690412844     89.60136459077277    116.78696473846564      h
  117.60899560627089     91.31723591943295    114.14890705695728      h
  122.99282535886208     90.56134546627868    114.03174403671838      c
  123.49927196247543     90.26465846341563    116.02918455917849      h
  124.68790970006052     90.15694407384116    112.89223917858833      h
  122.52795273017222     92.57012434553612    113.80308717463922      h
  120.06941903128799     90.93362151445714    107.00385254851666      h
  119.32486693493105     93.79655660577890    111.99083981320187      h
  119.41557378930956     95.65982657280415    105.60923466244707      c
  119.42124296770822     93.73608536952656    104.84200585249548      h
  117.88300589553931     96.70862457655568    104.67948940506732      h
  121.21270334168382     96.56122593819060    105.06310381004312      h
  118.48960798419560     97.95206437199444    111.75273432045829      h
  118.60299155216875    100.39925971408134    106.42559635185366      h
  118.22693605172451    102.61968792022198    111.80564665217908      h
  118.34598879809629    105.14058258149142    105.68860316002825      c
  120.17713342086248    104.48106816111434    104.94783051593708      h
  116.87767159284414    103.90281196445132    104.89302845808339      h
  118.02095590323997    107.04731624957303    104.96672777726594      h
  118.38000386848823    107.08322104609786    112.05131104945421      h
  118.17402372000369    110.07087806219006    107.00385254851666      h
  117.27829353301591    115.48872288517320    111.07621236488524      h
  116.13311949648720    114.20937829320961    108.23028480875945      h
  121.69836295783544    115.70037221205639    109.07688211629221      h
  119.30030049520354    117.66568739025746    107.81076560725883      h
  118.70503676334457    113.99394951406066    104.41681747259622      h
  121.83064378713742    113.12467549293326    105.34278327771018      h
  123.04006851218423    117.83765246835006    104.69460721413041      h
  119.89367450092963    118.34409907196341    103.65336811491042      h
  125.45135905774630    108.59878140467215    120.60232180076176      o
  125.70458235955299    108.31721221087219    118.77495663026134      h
  123.54273566353183    108.52697181162249    120.60421152689463      h
  113.04358285617020    109.47097647577077    121.96708204420213      h
  110.58723686807058    111.00226552573261    111.51336301227064      h
  128.43374186612820    110.13273146668635    110.83630822221674      h
  122.01389621796811    116.57994472391530    101.73520312779623      h
$user-defined bonds
$end
