$coord
  100.25186107571626    116.48271883107105    115.77785098350471      c
  100.90192686542893    114.50795502220555    115.71360029498659      h
  100.92460357902354    117.40868463618501    114.03930294124991      h
  101.48018306209192    117.83576274221717    117.96048466698761      c
  100.56366588764239    119.37022036212031    119.37777926665186      o
  103.96517292683654    117.17057914344142    118.13056001894734      o
  104.65492296533981    118.26284084824933    119.44769913356863      h
  115.18447697777862    115.11833656312761    112.17981242649044      c
  115.53407631236246    113.13412412359770    112.63334669838299      h
  116.78318528619987    116.25217224285900    112.87901109565813      h
  112.71649464822995    115.86666811175033    113.44214948325805      c
  111.13479387500469    114.34732830091026    114.16780431828613      o
  112.24028366274278    118.33087098903322    113.81064607917075      o
  113.55175359896542    119.40612515864514    113.10010905320576      h
  107.03219844050996    123.38966784676808    106.26496963055837      c
  106.37835319853151    120.93869305241539    107.66903614729240      c
  106.88291007601198    121.37521978911198    110.49795616822222      c
  105.25585587559743    119.78029093295649    112.25918092407164      c
  105.93615728343627    117.08176201519581    112.30453435126090      n
  107.29298064684816    116.52996198439320    113.56120222962984      h
  104.99507366925923    115.34699342520678    110.79842262335103      c
  105.52608671260009    112.75239944475479    111.04597674675905      c
  104.57366474162573    110.84944522893895    109.50018077005861      c
  105.03097846578405    108.28886631887890    110.22394587895380      c
  104.47917843498143    106.21205729883758    108.75940812596743      c
  104.94405106367131    103.68171400690370    109.51529857912169      c
  104.85334420929280    101.62191252205835    107.90903136616889      c
  105.45238739341754     99.16715827543989    108.94082183472445      c
  105.46561547634775     96.93161226023618    107.63124162463470      c
  105.99851824582150     94.38237170697346    108.52319235935671      c
  107.27786283778508     93.93261688734667    111.11211716141005      c
  108.06776836133128     91.13393248454302    111.39368635521002      c
  106.00040797195439     89.29900840951107    110.60000137939805      c
  105.48262301154372     89.67128445768954    107.79375807206287      c
  105.30687848118535     92.40193871970929    106.98306556105491      c
  104.21272705024457     92.64760311698443    104.36579486700830      c
  104.91759489781091     91.09046878348667    103.17904685555612      h
  102.14347693473479     92.40193871970929    104.44138391232373      h
  104.60012090748612     94.42772513416271    103.38313727790776      h
  106.98495528718780     88.75854673550577    106.65614294006571      h
  103.73462633862449     88.69618577312055    107.19849434020388      h
  106.55976690728855     87.33180350517712    110.98172605824094      h
  104.26374965583248     89.63915911343049    111.70171171487037      h
  109.74584516733374     90.80889958968670    110.19559998696052      h
  108.66870127158892     90.80323041128804    113.35900153341109      h
  105.50529972513836     94.59969021225531    113.33821454594934      c
  103.83856127593320     93.35436069068366    113.38167824700571      h
  106.52008265849794     94.35024636271439    115.14101327672225      h
  104.81365996050221     96.55366703365905    113.27207413129835      h
  109.74584516733374     95.48219231631290    111.30297950083150      c
  110.79842262335103     94.90204639351700    113.00562274656146      h
  110.96849797531074     95.10802654200154    109.66080749135388      h
  109.43215062927472     97.52876571822804    111.42392197333619      h
  104.92326407620958     97.05066500660799    105.64891891123764      h
  105.93048810503761     99.18416581063586    110.94393153558323      h
  104.24485239450362    101.98473993957241    105.14814148602296      c
  104.06721813801238    100.20083847012835    104.11635101746739      h
  102.47606873412266    103.04865575238701    104.90436681488072      h
  105.76230247921079    103.09211945344339    104.25430102516805      h
  105.52986616486587    103.36612974271179    111.47494457892410      h
  103.69494208983390    106.52386211076370    106.87724089761333      h
  105.92103947437319    107.97895123308565    112.06831858465019      h
  103.12046534543667    111.39368635521002    107.11723611648979      c
  104.16926334918820    110.65858288951750    105.47317438087929      h
  101.27420291360740    110.43937465810276    107.14369228235020      h
  102.82944752097228    113.41569331739765    106.77897513870327      h
  106.73551143764691    112.20437886621795    112.62956724611722      h
  103.66848592397351    116.03674346371004    109.37356911915526      h
  105.39569560943099    120.42846699653627    114.22638582840558      h
  103.26030507927021    119.92957929745447    111.68281445354152      h
  108.89924785980097    121.06908415558449    110.93826235718458      h
  106.44827306544828    123.35376305024324    110.95904934464632      h
  104.34878733181233    120.52673275544633    107.38557722735956      h
  107.44226901134614    119.27384432934313    107.00007309625089      h
  108.91625539499694    124.03973363648073    106.90747651573950      h
  105.63947028057324    124.79940354190076    106.88857925441064      h
   98.19381174392613    116.56381767424884    115.80311127892074      h
  115.07159131558660    115.26272520081507    110.12818114734954      h
  107.01115242848927    123.31390220349361    104.20666965493569      h
$user-defined bonds
$end
