$coord
  568.14805157820160    567.39783030344597    581.48951807637422      c
  568.00443239210222    568.75465366685773    579.92293511221203      h
  567.45641181356541    568.39938515387530    583.17326406077518      h
  570.86547775729105    566.54745354364729    581.93549344373514      c
  571.92561411783993    568.05923444995585    582.89925377150689      h
  570.92972844580913    564.93173770003023    583.22050721409744      h
  572.54922374169223    565.96730762085156    579.71317551146171      c
  574.62981221399934    565.00543701921265    579.85490497142814      o
  571.60625040138223    566.75154396599896    577.48329867465657      o
  572.90260252854171    566.40950353594678    576.22096161788897      h
  566.30367887250520    567.46963989649555    571.17350311695145      c
  566.92917822249024    565.54400896708512    571.65538328083733      h
  567.41672756477476    568.07813171128475    569.53700028587252      h
  566.91783986569294    569.18929067742147    573.34290871750409      c
  565.55534732388242    570.45540718645498    574.65248892759394      o
  569.47463932348728    569.16094478542823    573.70951558728393      o
  569.81101057514093    570.23997840730590    575.16460470960590      h
  581.68793932032713    566.59847614923535    571.90860658264398      c
  583.12791063358600    567.62459743939223    572.99330938292030      h
  579.87569195888989    567.62081798712643    572.09946892206540      h
  581.35156806867349    563.99821299038467    573.01031691811625      c
  581.93360371760230    563.39916980625992    575.14192799601130      o
  580.24796800706827    562.26344440039554    571.42672641875822      o
  581.43282629238752    560.76111212475155    571.42483669262526      h
  575.24019375492139    573.39204159695919    562.80390607440086      c
  574.30099986687719    571.08657571483877    564.27411300578592      c
  573.46952036840742    571.96907781889627    566.91217068729429      c
  571.20184900894469    570.55178321923211    567.95529951264712      c
  571.71018533869096    567.95529951264712    568.85291942576782      n
  571.57601478325603    567.75498854256125    570.75776336771662      h
  571.73286205228555    565.85770350514417    567.46586044422986      c
  571.57412505712318    563.43318487665181    568.48253310372229      c
  571.71018533869096    561.13905735132869    567.13704809710771      c
  571.59113259231924    558.83170174307531    568.45985639012758      c
  571.98041617569356    556.48844133829709    567.32791043652912      c
  572.17316824124794    554.18297545617668    568.62237283755576      c
  572.84213129228942    551.90018628765074    567.46586044422986      c
  573.21062788820211    549.74589849616120    569.05134066972096      c
  573.79644298939672    547.35161548579504    568.21041254058684      c
  574.19139575116981    545.06126741273772    569.63526604478250      c
  574.59957659587315    545.12362837512285    572.52843675423048      c
  575.49341705672805    542.50824740720918    573.46574091614173      c
  573.90037792670546    540.35018016345362    572.42828126918755      c
  574.21785191703020    540.26892193973970    569.57101535626441      c
  574.16116013304372    542.81249331460378    568.29922966883237      c
  573.97029779362219    542.59139535705606    565.46841992176974      c
  575.01153689284217    540.90764937265499    564.83347194112014      h
  571.98419562795937    542.26069328380106    564.92984797389727      h
  574.65059920146098    544.22033928360349    564.38371712149331      h
  576.03576845686621    539.36185339595454    569.05889957425234      h
  572.77599087763849    539.05571776242698    568.66961599087801      h
  574.44839850524227    538.52848417135192    573.26354021992302      h
  571.89348877358088    540.61096236979199    572.91394088533912      h
  577.47385004399223    542.24746520087092    572.85724910135252      h
  575.51042459192399    542.51202685947487    575.54632938844873      h
  572.14860180152039    545.83227567495499    573.94951080616045      c
  570.64626952587639    544.43009888435381    573.63014708970286      h
  572.53221620649617    545.90597499413741    575.99608420807556      h
  571.39271134836622    547.68231755905003    573.39015187082634      h
  576.72740822150229    547.00201615121125    573.22385597113237      c
  577.21117811152112    546.78280791979648    575.23641430265559      h
  578.44894872856116    546.60517366330521    572.12025590952715      h
  576.21529243949033    548.99000804300681    572.92149978987072      h
  573.88337039150940    547.12484834984878    566.16761859093742      h
  572.97441212159140    550.09738755687783    571.06389900124407      h
  573.26165049379017    551.79247189807620    564.64827878009726      c
  573.52621215239412    549.86495124253292    563.94530065866388      h
  571.66672163763451    552.64284865787488    563.62593694220618      h
  574.96996291791879    552.87906442448559    564.15694998554704      h
  571.90104767811238    554.18675490844237    570.67272569173679      h
  572.26387509562653    556.45064681563940    565.28700621301266      h
  571.29633531558898    558.89028325319475    570.50454006590996      h
  572.09379974366675    561.12960872066424    564.32324588524102      c
  574.10068889679133    560.80646555194085    563.87349106561419      h
  570.99397913432722    559.63105589728593    563.40483898465857      h
  571.52121272540239    562.92106909463985    563.47475885157530      h
  571.29444558945613    563.31224240414713    570.52721677950456      h
  571.86325315545469    566.15628023414001    565.43251512524489      h
  570.43650992512607    571.54955861739575    569.60692015278926      h
  569.69384755490194    570.47808390004957    566.51721792552121      h
  575.05689032003147    571.88215041678359    568.26332487230752      h
  572.88370526721292    573.96273888909070    566.79122821478961      h
  572.64937922673516    570.27777292996370    563.27444788148944      h
  575.72585337107296    569.56912563013157    564.44040890547990      h
  576.82567398041238    574.26509507035234    563.85081435201960      h
  573.67927996915773    574.76209304330132    562.78878826533787      h
  579.81900017490329    563.98120545518873    579.75285976025225      o
  580.29899061265621    564.04167669144101    577.97840692147270      h
  577.99730418280149    564.23631848312823    579.79254400904279      h
  566.72025341309802    565.93962532556702    581.21056862004366      h
  564.31760440983669    567.42238455577944    570.62939162242014      h
  582.16918397331756    566.49931859710819    569.90826823106556      h
  575.80476679802462    573.02035261097592    560.85817054929203      h
$user-defined bonds
$end
