$coord
  341.60579304173774    340.46439845747477    354.49750472028359      c
  340.88013820670966    342.26719718824774    353.75484235005956      h
  341.81555264248806    340.71006285474994    356.55352675286321      h
  344.25518908004341    339.93716486639971    353.32398479176163      c
  345.60634326505664    340.94060944296200    354.54096842133998      h
  344.82210691990912    337.94161407007243    353.48272178692400      h
  345.02430761612789    340.82344642272307    350.58010244681168      c
  343.74685275029714    340.14503474101713    348.64313316060384      o
  347.02741731698666    342.08767320562356    350.50829285376199      o
  339.56299909208832    340.83856423178617    344.49140484665412      c
  340.06566624343594    339.27765044602262    345.76130080795326      h
  340.78754162619822    340.85746149311501    342.81899721905035      h
  339.92582650960242    343.33489245332811    345.82555149647135      c
  340.89714574190566    345.18493433742310    344.89580623909166      o
  338.94505864663472    343.38969451118180    348.18581943644557      o
  339.58756553181587    344.94871857081239    348.92848180666959      h
  354.95670817057481    340.09590186156208    345.13202200570231      c
  356.67257949923493    340.69683477181974    346.13924603453040      h
  353.62823069915618    341.70216907451487    345.31532544059223      h
  353.70193001833871    337.96807023593288    346.61167756775183      c
  352.93470120838714    335.98385779640290    345.53642339813985      o
  353.44870671653206    338.46317848274890    348.94548934186554      o
  348.47683726090992    346.51719126110754    336.14826396996398      c
  347.57165844325772    344.20416647445552    337.74319282611947      c
  347.98172901409390    344.76352540978962    340.60423819130835      c
  346.02964191882302    344.01519386116689    342.62246570123017      c
  345.82933094873715    341.37335672739277    343.51063698368642      n
  345.25296447820699    341.09367725972572    345.40792202110367      h
  346.14491521292905    339.39859291852730    342.07255539656046      c
  345.73484464209287    336.87391880499206    342.87757872916978      c
  345.96539123030493    334.78955088041926    341.32422384793779      c
  345.64980696611298    332.30645074180745    342.37869103008796      c
  345.89547136338814    330.11436842766011    341.02942657120764      c
  345.84822821006600    327.64827582424437    342.12546772828125      c
  346.32065974328737    325.43540652263528    340.84423341018481      c
  346.56821386669543    323.13938927117920    342.31821979383562      c
  347.17859540761748    320.80746722319839    341.40548207165182      c
  347.54142282513152    318.43964037869262    342.79443077932279      c
  348.01196463222004    318.48121435361611    345.68193231037208      c
  348.96249687706154    315.87717174249968    346.59089058029002      c
  347.38646528223495    313.69264833288389    345.58555627759489      c
  347.61323241818121    313.63973600116310    342.71884173400741      c
  347.47717213661343    316.20976354188753    341.47729166470151      c
  347.16347759855444    315.98488613207417    338.65404082217037      c
  348.31998999188045    314.40696481111468    337.94161407007243      h
  345.19060351582181    315.48410870685950    338.19861682414495      h
  347.64724748857316    317.67619102100684    337.55988939122955      h
  349.42359005348567    312.74589554030820    342.15570334640745      h
  346.15058439132770    312.41519346705320    341.87224442647459      h
  348.00062627542275    311.87473179304794    346.39246933633706      h
  345.38902475977477    313.90996683816576    346.13546658226460      h
  350.93348123366127    315.64662515428762    345.94082479057738      h
  349.02674756557968    315.87906146863259    348.67147905259714      h
  345.57421792079759    319.13316986946165    347.15213924175714      c
  344.10212126327968    317.69319855620284    346.85923169115983      h
  345.98806794389952    319.22765617610594    349.19304346527360      h
  344.75974595752388    320.95297613543056    346.58900085415718      h
  350.12467844878620    320.37849939103330    346.36601317047666      c
  350.65569149212706    320.13094526762529    348.36534341906969      h
  351.82354224225037    320.01945142578506    345.21894940781505      h
  349.58232704864804    322.36271183056323    346.10901041640420      h
  347.38646528223495    320.65817885870035    339.36079839586955      h
  346.28097549449683    323.40584065591611    344.34022675602330      h
  346.74395839705380    325.39572227384468    338.02098256765368      c
  346.23184261504178    323.56268792494564    337.18950306918396      h
  345.62901997865129    326.85459084843239    337.05533251374908      h
  348.75273727631122    325.73965243002988    337.58823528322284      h
  345.57043846853179    327.54056143466988    344.17582058246222      h
  346.27152686383238    330.23531090016479    339.00552988288712      h
  345.29075900086474    332.19495689996722    344.40825689680713      h
  346.60033921095453    335.03332555156146    338.56522369392474      c
  348.58833110275020    334.51554059115080    338.22696271613819      h
  345.41359119950232    333.77854739932536    337.40871130059872      h
  346.29987275582567    336.96651538550350    337.89248119061745      h
  345.20194187261910    336.62825440771695    344.85234253803526      h
  346.75340702771820    339.79543540643328    340.14125528875138      h
  346.51341180884174    345.04320487745673    344.34967538668769      h
  344.11156989394408    344.63313430662055    342.09901156242091      h
  349.85822706404934    344.09078290648239    341.19383274476866      h
  348.03653107194759    346.83844470369803    340.80265943526132      h
  345.54587202880430    343.87157467506762    337.35957842114368      h
  348.58266192435150    342.44483144473895    337.25375375770210      h
  350.13223735331775    347.34489130731140    337.11958320226717      h
  346.94048991487387    347.92314750397446    336.23519137207671      h
  350.21916475543048    338.64081273924012    353.13879163073881      o
  350.98072438698341    338.01720311538793    351.57598811884236      h
  349.28752977191789    340.09401213542924    352.45849022289997      h
  340.03635636328050    339.13580944276754    354.37708088840861      h
  337.59565856789760    340.69680972936970    343.89789066831236      h
  355.41170734408672    339.81235165198217    343.14321402409081      h
  349.02130329473033    346.23472392025332    334.18190919619155      h
$user-defined bonds
$end
