$coord
  794.99644574819285    794.07614912147744    808.37948622128897      c
  794.53724229790168    795.77690264107457    807.29289369487969      h
  794.68086148400084    794.57125736829357    810.37125756535033      h
  797.80268905552794    793.40529634430300    807.94295948459239      c
  798.93841446139220    794.39551283793514    809.38671025011706      h
  798.24110551835747    791.40029691731138    808.11492456268502      h
  798.88928158193721    794.27268063929750    805.44663126305034      c
  800.44263646316926    793.05947646198501    804.20697091987745      o
  798.01244865627837    796.51200610676710    804.76066067681290      o
  798.10504523678969    796.68964036325826    802.90117016205352      h
  793.12183742437026    794.09882583507215    797.87638837471059      c
  793.62828402798368    792.17886408406025    798.50755690309438      h
  794.22543748597548    794.42952790832715    796.15295814151875      h
  794.16118679745739    795.92430127943965    799.76989395986197      c
  796.44019651371752    795.89973483971221    800.22909741015314      o
  792.55680931063750    797.53245821852533    800.79790497615170      o
  793.47521621121984    798.68708088571850    801.90717421615557      h
  808.47586225406610    793.42419360563201    798.70597814704729      c
  809.62481574286062    792.01445791049923    799.71320217587538      h
  808.98419858381237    795.27234576359410    799.50344257512506      h
  805.73764908751480    792.81003261244405    799.28801379597610      c
  804.40161271156467    791.26990581414225    798.23543633995882      o
  804.91372849357663    794.13662035772984    801.33269747175837      o
  803.13927565479696    793.70009362103326    801.73142968579725      h
  801.99032216600256    800.16484672163494    789.56159339001363      c
  801.04167964729390    797.83292467365413    790.97321881127925      c
  799.97020492994784    798.67385280278825    793.52623881680779      c
  797.87260892244478    796.97498900932408    794.49944777524388      c
  798.68897061185135    794.47866078778213    795.42163412809202      n
  799.07447474295998    794.38606420727069    797.30380135644623      h
  798.52834389055602    792.32248327015964    794.14417926226133      c
  798.86471514220966    789.92820025979347    795.18541836148131      c
  798.62471992333315    787.62084465154010    793.88528678205603      c
  798.84014870248222    785.33616575688143    795.24399987160075      c
  798.93085555686071    782.97400809077430    794.10638473960364      c
  799.21809392905936    780.67988056545119    795.40840604516188      c
  799.72265080653983    778.37063523106497    794.23488611663993      c
  800.10437548538266    776.22390634410681    795.82981497279536      c
  800.63727825485637    773.81450552467766    795.01345328338869      c
  801.02656183823092    771.55250334361358    796.48554994090671      c
  801.44041186133279    771.68667389904840    799.37683092422174      c
  802.35503930964956    769.10152854926082    800.37082687011957      c
  800.78656661935440    766.89999760444914    799.39194873328472      c
  801.06813581315430    766.76015787061556    796.53468282036170      c
  800.96798032811137    769.27538335348640    795.20809507507602      c
  800.70719812177322    768.99759361195208    792.38484423254488      c
  801.69552488927241    767.27605310489321    791.76312433482542      h
  798.70219869478149    768.72169359655084    791.88595653346306      h
  801.41395569547240    770.58685328970887    791.25667773121211      h
  802.89739070978771    765.87387631429215    796.01878758608393      h
  799.63761313055988    765.50348999224650    795.68052660829733      h
  801.38183035121335    765.10664750434057    800.25933302827934      h
  798.77967746622994    767.13054419266109    799.89461588463234      h
  804.33358257078078    768.85208469971985    799.76233505533037      h
  802.38149547550984    769.15255115484865    802.45141534242669      h
  798.97242953178420    772.40288010341203    800.76955908415846      c
  797.49844314813333    770.96290879015316    800.48987961649141      h
  799.34659530609554    772.55216846791006    802.81235303380777      h
  798.18252400823803    774.21701719098223    800.14217000804035      h
  803.55690513016475    773.59151784099720    800.04201452299742      c
  804.06335173377818    773.38175824024677    802.05079340225495      h
  805.27088673269202    773.20601370988845    798.92329665232910      h
  803.02967153908969    775.57573028052695    799.74532752013442      h
  800.69963921724161    773.54994386607370    792.97254905987222      h
  799.92485150275866    776.60374129681691    797.84237330431858      h
  799.98910219127674    778.22134686656693    791.40218664344422      c
  800.17240562616655    776.28437758035909    790.70865715267530      h
  798.36393771699500    779.10006951835874    790.44787494633704      h
  801.69174543700672    779.26447569191987    790.81259208998404      h
  799.16896104960426    780.72334426650752    797.47576643453874      h
  798.86282541607682    782.88897041479447    792.04469352862543      h
  799.01778295897350    785.44010069419005    797.30002190418043      h
  798.15795756851048    787.51313026196567    791.08282292698664      c
  799.82658574384845    786.76101926107719    790.08882698108880      h
  796.56491843848789    786.25646238359673    790.64251673802426      h
  797.74788699767430    789.36884132445937    790.27779959437737      h
  799.34659530609554    789.83938313154783    797.18852806234008      h
  798.02756646534135    792.54169150157429    792.15996682273146      h
  796.91451777307179    797.90095481443802    796.08870745300067      h
  796.46098350117916    796.67641228032824    792.99522577346693      h
  801.48576528852209    798.84203842861507    794.95298204713640      h
  799.13872543147818    800.56924811407248    793.31081003765883      h
  799.49966312285926    796.95420202186233    789.86394957127538      h
  802.50810712641317    796.37594582519932    791.26045718347791      h
  803.56068458243055    801.03978992116106    790.62550920282831      h
  800.42562892797332    801.53300844184423    789.53135777188754      h
  805.54867647422623    790.72755441400409    805.37482167000076      o
  805.78489224083694    791.89162571186171    803.96886542713389      h
  803.71186267306132    790.62172975056262    805.45419016758194      h
  793.51935955350643    792.68718828301905    808.01646236578279      h
  791.12242701490709    794.14954519125342    797.38387673179204      h
  808.93816639839304    793.28537139798698    796.70353328394276      h
  802.56822870084659    799.78850270991938    787.62067314981800      h
$user-defined bonds
$end
