$coord
  100.64492411135647    116.69814761022000    121.85709995299781      c
  100.33500902556322    118.11922166215001    120.37177521254971      h
  100.07422681922502    117.55608327455009    123.66367813603649      h
  103.44738796642588    115.94603660933153    121.95725543804078      c
  104.46595035205124    117.03640858800654    123.39722675129963      h
  103.63069140131579    113.96371389593449    122.50905546884336      h
  104.91003599327937    116.26729005192209    119.48171420396056      c
  107.16636899594484    116.96270926882400    119.52517790501693      o
  103.67793455463793    115.73816673471411    117.47671477696889      o
  103.02219958652663    117.26317572395281    115.62478316674097      h
   98.82322811925472    116.74917021580792    111.40313498587443      c
   99.49408089642911    114.77818585920819    111.55998225490394      h
   99.80588570835525    117.55797300068299    109.76474242866259      h
   99.75297337663444    118.07386823496076    113.75773374744995      c
   98.48496714146819    119.09243062058613    115.37155986493430      o
  102.28520639470122    117.95103603632320    113.83143306663250      o
  114.26984952946196    116.12367086582279    112.25729119793876      c
  116.00083866718521    116.67169144435962    113.26451522676679      h
  112.89223917858833    117.67702574705477    112.51429395201120      h
  113.05286589988361    113.84844060182847    113.41569331739765      c
  111.86233843616566    112.23272475821123    112.31209325579243      o
  113.23427960864063    113.71238032026069    115.95926469226173      o
  113.99583924019355    115.21660232203767    116.71704487154888      h
  107.70494094381723    122.74527123545406    103.15070096356284      c
  106.74873952057709    120.46815124532688    104.64547433467537      c
  105.80765590640006    121.41679376403548    107.22117105379851      c
  103.61557359225272    119.90690258385983    108.29453549727756      c
  104.25430102516805    117.36711066126152    109.23372938532172      n
  104.01241608015869    117.21971202289646    111.17825757606104      h
  104.36012568860966    115.28652218895444    107.89013410484004      c
  104.45461199525393    112.85633438206349    108.98239580964793      c
  104.43760446005795    110.58677329646785    107.65958751662798      c
  104.47539898271567    108.25485124848696    109.01263142777410      c
  104.69271748799753    105.94182646183492    107.84289095151789      c
  104.88357982741897    103.58155852186077    109.09577937762107      c
  105.42215177529138    101.32711524532819    107.88068547417561      c
  105.72828740881886     99.09723840852313    109.41325336794586      c
  106.30843333161475     96.73319101628319    108.54397934681846      c
  106.65992239233148     94.40315869443521    109.96316367261558      c
  107.01141145304821     94.46929910908619    112.86389328659504      c
  107.91092109230178     91.86714622410265    113.83143306663250      c
  106.37646347239863     89.68451254061975    112.76373780155210      c
  106.74496006831133     89.60703376917144    109.91214106702766      c
  106.65992239233148     92.16194350083283    108.64413483186139      c
  106.47661895744157     91.92761746035501    105.81143535866583      c
  107.61234436330584     90.30434271220624    105.17270792575047      h
  104.51319350537338     91.48542154525975    105.26341478012900      h
  107.06621351090189     93.59057645729438    104.72484283225657      h
  108.58933277400772     88.72642139124672    109.44159925993915      h
  105.33333464704576     88.37115287826423    108.99751361871103      h
  106.94149158613143     87.87226517918241    113.61411456135065      h
  104.35634623634388     89.91316940269890    113.21160289504600      h
  109.90836161476190     91.63470990975773    113.27018440516545      h
  107.88257520030848     91.87848458089996    115.91202153893958      h
  104.51697295763915     95.15149024305791    114.22449610227271      c
  103.05432493078567     93.70773947753328    113.90513238581504      h
  104.84956475702704     95.28566079849280    116.27862840871940      h
  103.72895716022585     96.96562733062812    113.60088647842045      h
  109.10522800828549     96.36658414650337    113.61222483521776      c
  109.57010063697537     96.11903002309535    115.62856261900674      h
  110.84188632440741     96.00564645512222    112.51807340427698      h
  108.57043551267887     98.35268631216618    113.33821454594934      h
  106.46717032677715     96.53288004619731    106.50118539716908      h
  105.46750520248064     99.41660212498081    111.42959115173484      h
  105.79820727573562    101.25530565227854    105.05365517937868      c
  105.93237783117051     99.32589527060229    104.31477226142039      h
  104.24296266837074    102.20961734938579    104.06343868574660      h
  107.55943203158505    102.24363241977773    104.55098802803110      h
  104.69271748799753    103.56266126053190    111.15558086246642      h
  104.80799078210356    105.91348056984164    105.78308946667254      h
  104.39036130673581    108.32855056766951    111.07432263875234      h
  104.39603048513447    110.49417671595644    104.81743941276797      c
  106.20638812043892    109.77230133319412    104.08422567320835      h
  102.89936738788904    109.22239102852441    104.14091745719492      h
  104.06154895961372    112.35177750458304    103.98595991429829      h
  104.46784007818412    112.78641451514673    111.04786647289194      h
  104.32233116595194    115.52651740783091    105.84356070292488      h
  102.80110162897898    120.89333962522613    109.92725887609075      h
  102.12080022114016    119.73115805350147    106.85456418401870      h
  107.37801832282803    121.50561089228110    108.59311222627349      h
  105.09711888043505    123.36132195477479    106.99629364398511      h
  105.14814148602296    119.60265667646524    103.61557359225272      h
  108.19249028610173    118.98471623101165    104.91192571941227      h
  109.28853144317540    123.62777333951168    104.19005033664993      h
  106.14780661031946    124.12666103859348    103.10723726250646      h
  111.06676373422080    114.33787967024585    120.56641700423692      o
  110.45071301490007    113.46671592298556    119.07731281152303      h
  109.64002050389213    115.56620165662152    120.74783071299395      h
   99.20473769666019    115.25401187263151    121.56879938186576      h
   96.81414217813075    116.72501286982246    110.94951371125860      h
  114.67440909437929    115.87430300285735    110.25306332059421      h
  108.27291148147502    122.34319308255775    101.21200945012205      h
$user-defined bonds
$end
