$coord
  440.70870062865953    456.87719742162909    462.07394428706459      c
  440.65578829693874    458.17543927492147    460.45255926504871      h
  439.94525127097370    457.92221597311487    463.69910876134622      h
  443.42423708161618    456.00414394823588    462.62574431786720      c
  444.09886931105638    456.60885631075934    464.48712455875955      h
  443.53951037572222    453.95001164178922    462.60306760427261      h
  445.31963239290047    456.85641043416734    460.70389284072252      c
  447.30006538016465    457.95245159124102    461.17443464781104      o
  444.62799262826434    456.23846998871375    458.35496325754565      o
  445.64088583549108    457.18900223355519    457.14742825863175      h
  438.96448340800606    456.91499194428678    451.64454575966874      c
  439.59187248412411    455.00447882393939    452.16422044621231      h
  440.03028894695359    457.44411526149474    449.93812306167302      h
  439.88666976085426    458.69511396146504    453.65521436505907      c
  441.98804522062306    458.46267764712013    454.58495962243882      o
  438.38055803294441    460.63586269993863    454.25236782305092      o
  439.34809781298185    461.69977851275326    455.41454939477558      h
  454.47913495899718    456.27626451137144    452.42689237868336      c
  456.24980834551110    456.77893166271906    453.38687325418931      h
  453.16577529664170    457.88064199819138    452.69334376342027      h
  453.19034173636919    454.05583630523086    453.61741984240138      c
  451.67478137779489    452.67822595435717    452.60452663517464      o
  453.66655272185636    453.74592121943755    456.12886587300636      o
  454.78149114025888    455.07817814312199    456.76192412752306      h
  447.85564486323301    462.84495254928191    443.31841241817460      c
  446.90511261839151    460.55649420235744    444.82074469381871      c
  446.20780367535673    461.46545247227544    447.49092771958607      c
  444.03461862253829    460.05571677714272    448.74381614568927      c
  444.58641865334084    457.48946868868398    449.69812784279651      n
  444.35965151739458    457.27970908793372    451.60108205861235      h
  444.66011797252338    455.38998295504808    448.30728940899269      c
  444.59775701013814    452.95790542202423    449.30128535489052      c
  444.67523578158648    450.68834433642860    447.90099829042231      c
  444.62421317599859    448.35453256231483    449.18034288238584      c
  444.92656935726029    446.02261051433396    447.99737432319944      c
  445.07774744789111    443.69257819248594    449.24648329703683      c
  445.64088583549108    441.40600957169431    448.03516884585719      c
  445.93757283835407    439.21203753141407    449.57718537029183      c
  446.49315232142249    436.81586479491506    448.71358052756312      c
  446.84653110827213    434.51606809119329    450.13465457949309      c
  447.23959414391231    434.56898042291408    453.03160474120682      c
  448.13721405703302    431.95737890726610    453.97646780764961      c
  446.56496191447218    429.78608358058051    452.93900816069538      c
  446.86542836960098    429.71805343979662    450.07985252163940      c
  446.79739822881709    432.26351454079361    448.80617710807451      c
  446.56685164060497    432.02729877418290    445.98103653941041      c
  447.63454690568540    430.36245005111061    445.33286047583067      h
  444.57885974880929    431.64368436920711    445.48025911419575      h
  447.18668181219147    433.66569133139473    444.87554675167240      h
  448.68712436170273    428.82421297894172    449.55828810896298      h
  445.43112623474070    428.49351090568672    449.18412233465165      h
  447.15077701566668    427.96816704074450    453.76103902850065      h
  444.55807276134760    430.01285071652677    453.43978558591010      h
  450.12331622269579    431.70793505772519    453.37931434965776      h
  448.14288323543161    431.96493781179765    456.05516655382382      h
  444.76972208823076    435.26628936594886    454.42622262727645      c
  443.27683844325111    433.85844339694904    454.08418219722410      h
  445.12310087508041    435.34376813739715    456.47657548145730      h
  444.01005218281074    437.11066207164527    453.85174588287919      h
  449.35797713887712    436.44736819900237    453.75159039783625      c
  449.83607785049719    436.20548325399307    455.76225900322657      h
  451.08329709820168    436.06753324629238    452.64988006236393      h
  448.84208190459930    438.43724981693094    453.47569038243489      h
  446.61598452006001    436.60232574189899    446.66889685178080      h
  445.69001871494606    439.52573206947307    451.59541288021370      h
  446.01316188366957    441.33797943091042    445.21191800332599      c
  446.27205436387487    439.42368685829723    444.47303508536777      h
  444.39177686165363    442.19402536910764    444.23303986649125      h
  447.70068732033644    442.44724867091435    444.69980222131397      h
  444.85287003807775    443.66612202662554    451.30439505574930      h
  445.14955704094075    446.01127215753667    445.94702146901852      h
  444.43146111044422    448.38098872817523    451.23636491496541      h
  444.89444401300119    450.75448475107959    445.06829881722672      c
  446.89566398772712    450.61275529111322    444.50893988189250      h
  443.86832272284431    449.19546069144894    444.16311999957446      h
  444.12910492918252    452.51570950692906    444.29540082887644      h
  444.47303508536777    452.79538897459611    451.35919711360299      h
  444.75271455303482    455.69989804084128    446.27016463774197      h
  443.39022201122424    461.11774286382450    450.40866486876155      h
  442.42835140958545    459.95178183983398    447.41533867427069      h
  447.88588048135921    461.45033466321235    448.73247778889197      h
  445.57663514697293    463.44777518567247    447.35486743801829      h
  445.19302074199720    459.79682429693742    443.88910971030606      h
  448.29595105219539    459.00313932112545    444.93412826179184      h
  449.45057371938850    463.71233684427642    444.35398233899593      h
  446.30040025586811    464.22445262628850    443.30896378751015      h
  451.41777862372243    454.62842332349516    460.73979763724731      o
  450.74314639428229    453.98969589057987    459.16187631628782      h
  450.19323608961258    455.91532681999030    461.24435451472783      h
  439.31509920824152    455.39849057095660    461.73618211074188      h
  436.97062138860628    456.88024635949830    451.12870746242453      h
  454.84161850896407    456.02623023785418    450.41471179656821      h
  448.42227238737087    462.48169381474804    441.37168221148301      h
$user-defined bonds
$end
