$coord
  100.62224739776184    116.72271404994753    121.79473899061259      c
  100.51075355592160    118.05497097363191    120.19981013445711      h
   99.95895352511899    117.75072506623732    123.47470552274794      h
  103.33211467231985    115.79863797096644    122.14055887293067      c
  104.32800034435058    117.06097502773406    123.47281579661504      h
  103.37746809950912    113.95048581300428    123.04951714284866      h
  105.09144970203640    115.74194618697987    119.82375463401287      c
  104.74562981971832    117.35388257833134    118.07953741335942      o
  106.88102034987909    114.18103240121633    119.92957929745447      o
   98.84401510671645    116.60744075584151    111.38045827227981      c
   99.43171993404388    114.61566941178003    111.44848841306370      h
   99.84745968327874    117.46915587243736    109.77230133319412      h
   99.80210625608949    117.85277027741314    113.77474128264592      c
   98.85346373738088    119.62722311619277    114.85944408292228      o
  101.99040911797104    116.72082432381464    114.39646118036531      o
  102.87858040042731    117.26317572395281    116.08209689089929      h
  114.29819542145525    116.08776606929794    112.27240900700184      c
  115.84210167202282    117.13467434691660    113.18892618145136      h
  112.54075011787160    117.19325585703605    112.51051449974543      h
  113.84655087569557    113.58198921709158    113.49506181497884      c
  112.68625903010380    111.83966172257102    112.54641929627026      o
  114.70070708775989    113.30230974942451    115.87989619468053      o
  115.56998110888728    114.81220092960014    116.49594691400125      h
  107.70683066995012    122.70369726053059    103.18093658168901      c
  106.76196760350730    120.43980535333360    104.72862228452236      c
  106.17048332391410    121.36388143231467    107.42715120228304      c
  104.02942361535466    119.99949916437123    108.79342319635937      c
  104.56043665869554    117.42947162364675    109.73639653666930      n
  104.19949896731437    117.15168188211257    111.62990212182072      h
  104.69082776186464    115.37722904333295    108.31721221087219      c
  104.57177501549285    112.91680561831585    109.29231089544118      c
  104.65303323920693    110.69448768604232    107.86178821284675      c
  104.49807569631031    108.32477111540373    109.11089718668416      c
  104.74562981971832    106.02686413781478    107.89202383097292      c
  104.82121886503374    103.65147838877753    109.10522800828549      c
  105.36545999130480    101.39325565997919    107.87501629577694      c
  105.63191137604170     99.15959937090835    109.39435610661701      c
  106.22906483403355     96.79366225253553    108.52130263322384      c
  106.57299499021873     94.45985047842176    109.92347942382497      c
  106.88102034987909     94.49197582268081    112.82987821620310      c
  107.77297108460112     91.87659485476709    113.77474128264592      c
  106.24985182149530     89.70718925421437    112.66358231650916      c
  106.67126074912879     89.66561527929089    109.81954448651626      c
  106.61456896514223     92.23375309388247    108.57610469107752      c
  106.51630320623217     92.02588321926505    105.73773603948328      c
  107.67659505182395     90.41205710178072    105.11979559402968      h
  104.57366474162573     91.58179757803693    105.12924422469411      h
  107.13424365168576     93.70018057300175    104.68893803573175      h
  108.52130263322384     88.78878235363194    109.37167939302238      h
  105.28042231532497     88.44107274518099    108.85956361101037      h
  106.79598267389925     87.88360353597973    113.49884126724461      h
  104.22217568090900     89.93584611629353    113.07932206574401      h
  109.77608078545991     91.64793799268793    113.23050015637486      h
  107.72194847901321     91.86336677183689    115.85532975495302      h
  104.36957431927407     95.15337996919079    114.16402486602036      c
  102.89936738788904     93.73608536952656    113.77096183038014      h
  104.66437159600424     95.21763065770891    116.22760580313150      h
  103.61179413998694     96.99586294875431    113.58576866935736      h
  108.96727800058484     96.37603277716781    113.62356319201507      c
  109.39246638048411     96.11903002309535    115.64557015420272      h
  110.72472330416851     96.01320535965377    112.56531655759912      h
  108.44949304017419     98.36402466896349    113.34577345048088      h
  106.41236826892346     96.60846909151273    106.47850868357445      h
  105.34089355157730     99.46195555217007    111.40880416427309      h
  105.77931001440676    101.34979195892282    105.05176545324579      c
  106.02308468554901     99.43549938630966    104.30154417849020      h
  104.18249143211840    102.23229406298042    104.05210032894928      h
  107.48951216466827    102.43638448533207    104.56799556322707      h
  104.56799556322707    103.60423523545539    111.15747058859931      h
  104.99507366925923    106.04198194687787    105.84356070292488      h
  104.26563938196536    108.33233001993527    111.16125004086507      h
  104.96105859886728    110.76629727909199    105.04042709644848      c
  106.94149158613143    110.37323424345176    104.52453186217069      h
  103.77620031354797    109.34333350102909    104.10501266067010      h
  104.43760446005795    112.61066998478837    104.27130856036402      h
  104.31855171368618    112.75428917088767    111.33321511895767      h
  104.86090311382435    115.70793111658793    106.28764634415300      h
  103.45683659709032    121.08420196464759    110.46961027622893      h
  102.37024407068107    119.91068203612561    107.52919641345888      h
  107.89958273550445    121.34876362325159    108.59311222627349      h
  105.55065315232760    123.34998359797748    107.30053955137971      h
  105.00830175218942    119.70281216150819    103.85745853726208      h
  108.12823959758363    118.86377375850695    104.80421132983777      h
  109.30742870450428    123.57675073392376    104.20327841958014      h
  106.15347578871813    124.08508706366999    103.17337767715746      h
  111.69982198873750    114.35866665770759    120.11099300621149      o
  111.95304529054417    114.07709746390762    118.28362783571107      h
  109.79119859452298    114.28685706465794    120.11288273234437      h
   99.19471017088142    115.25823500943248    121.54933980003980      h
   96.83209365080549    116.68348818487792    110.94552034480833      h
  114.68217993368539    115.86399578458452    110.26112461363083      h
  108.26928661903077    122.33523976535120    101.23397368102523      h
$user-defined bonds
$end
