$coord
  109.09766910375396    115.11644683699474    115.42258247052220      c
  108.98239580964793    116.48460855720393    113.86166868475867      h
  108.42681632657956    116.10099415222815    117.12333599011929      h
  111.80942610444485    114.21315774547540    115.82131468456107      c
  112.88090082179102    115.69281330752486    116.81531063045892      h
  111.84155144870391    112.55019874853602    117.04774694480386      h
  113.34010427208221    113.83710224503115    113.44403920939092      c
  113.63490154881239    115.44903863638261    111.85100007936833      o
  114.59488242431829    111.60911513435897    113.17002892012252      o
  113.86733786315732    110.25985067547863    114.23394473293715      h
  107.33833407403742    115.11455711086184    104.97995586019613      c
  108.08099644426149    113.17191864625541    104.91570517167803      h
  108.28508686661313    116.14634757941741    103.44360851416012      h
  108.20571836903193    116.28429758711805    107.41770257161862      c
  107.13424365168576    117.73182780490846    108.81798963608689      o
  110.61511918846112    115.49250233743898    107.85989848671386      o
  111.28030278723688    116.25784142125767    109.41703282021163      h
  122.69802808213194    114.23772418520291    105.81899426319737      c
  124.26461104629412    115.05597560074239    106.90936624187238      h
  121.02184100226236    115.45281808864837    106.09678400473155      h
  122.05363147081792    111.68092472740862    106.88102034987909      c
  122.27094997609979    111.11400688754294    109.09199992535530      o
  121.03506908519257    109.88568490116727    105.35790108677327      o
  121.02184100226236    110.23339450961822    103.53620509467152      h
  116.20870854180262    121.09176086917913     96.72941156401741      c
  115.25250711856249    118.79952306998885     98.21473630446553      c
  114.47205022568073    119.68958407857799    100.86791179503699      c
  112.30453435126090    118.19859015973121    102.03198309289454      c
  112.89601863085410    115.59832700088056    102.85779341296556      n
  112.87334191725947    115.33943452067523    104.76830653331295      h
  112.77507615834941    113.52718715923791    101.43860908716844      c
  112.74673026635612    111.08566099554965    102.43638448533207      c
  112.68436930397091    108.79909237475802    101.07578166965440      c
  112.71082546983131    106.48417786197311    102.39670023654146      c
  112.96026931937222    104.14091745719492    101.23262893868392      c
  113.22861043024197    101.83734130120732    102.51575298291327      c
  113.83332279276537     99.54699322814992    101.33656387599262      c
  114.22827555453848     97.39270543666028    102.91448519695213      c
  114.79708312053705     94.99275324789552    102.07544679395090      c
  115.19770506070881     92.71752298390120    103.52108728560842      c
  115.60021672701346     92.80822983827971    106.41236826892346      c
  116.50728527079856     90.20607695329618    107.37801832282803      c
  114.93503312823771     88.02533299594616    106.35756621106977      c
  115.24494821403096     87.92517751090321    103.50030029814668      c
  115.17313862098131     90.45930025510286    102.20583789712002      c
  114.97471737702830     90.20985640556195     99.37880760232309      c
  116.01406675011542     88.52044124276219     98.75897743073661      h
  112.98672548523261     89.87726460617408     98.84212538058357      h
  115.65690851100003     91.82935170144495     98.27898699298365      h
  117.07420311066426     87.03322677618118    102.99385369453333      h
  113.81631525756940     86.69118634612889    102.61023928955754      h
  115.50950987263495     86.21497536064170    107.20227379246965      h
  112.92625424898027     88.26343848868974    106.84700527948715      h
  118.49149771032849     89.95474337762238    106.77708541257039      h
  116.52240307986165     90.22875366689081    109.45860679513511      h
  113.13223439746480     93.50553878131451    107.81076560725883      c
  111.64690965701669     92.08635445551739    107.48762243853540      h
  113.49317208884597     93.59624563569304    109.86111846143976      h
  112.36122613524746     95.34046285634648    107.22872995833006      h
  117.71670999584538     94.70362514956402    107.09833885516095      c
  118.19481070746544     94.49953472721236    109.11467663894993      h
  119.44202995516997     94.30111348325937    106.00229769808728      h
  117.20081476156760     96.68783758909393    106.77897513870327      h
  114.87456189198537     94.75086830288615    100.03265284430152      h
  114.01662622765529     97.74230477124412    104.93082298074111      h
  114.16213513988748     99.43549938630966     98.50953358119570      c
  114.45693241661763     97.51364790916496     97.80277600749648      h
  112.51051449974543    100.23485354052029     97.53821434889248      h
  115.81942495842819    100.56933506604105     97.95773355039310      h
  113.08310151800978    101.84867965800463    104.58122364615727      h
  113.05475562601650    104.09178457773989     99.17093772770568      h
  112.65413368584473    106.53897991982680    104.46028117365259      h
  112.63523642451588    108.77452593503051     98.23174383966150      c
  114.44370433368744    108.08855534879302     97.46451502970994      h
  111.14991168406776    107.50462997373137     97.53065544436093      h
  112.27807818540049    110.65291371111884     97.45506639904551      h
  112.73917136182459    110.95338016624765    104.49618597017741      h
  112.67870012557225    113.85410978022712     99.40715349431638      h
  111.61667403889051    119.17368884430020    103.73273661249162      h
  110.71716439963696    118.12867029281445    100.68082890788129      h
  116.11422223515835    119.69525325697666    102.15481529153210      h
  113.79930772237343    121.65867870904484    100.73185151346921      h
  113.57443031256004    118.02095590323997     97.24152734602943      h
  116.65657363529652    117.25939627168705     98.36591439509638      h
  117.79607849342658    121.96292461643942     97.77443011550318      h
  114.65346393443774    122.47126094618565     96.71429375495434      h
  120.00516834276989    112.11556173797233    113.52529743310502      o
  120.51728412478190    112.11367201183945    111.75840349885695      h
  118.17402372000369    112.01540625292940    113.46671592298556      h
  107.68636625473128    113.64418630623024    115.13369606574574      h
  105.33030094530716    115.10920592331026    104.52109152764820      h
  123.15976806062963    114.18316701195101    103.81235481773766      h
  116.77882034959833    120.72385620503512     94.78457202264541      h
$user-defined bonds
$end
