$coord
  577.64959457435054    564.28356163645037    548.25301485118143      c
  578.27131447206989    562.31635673211645    548.01301963230492      h
  578.15793090409670    565.33802881860061    546.51635653505957      h
  579.21617753851274    565.41928704231464    550.32226496669125      c
  581.40448040039428    564.78244933553219    550.69643074100259      o
  578.13903364276791    567.30523372293453    551.63373490291383      o
  579.44294467445900    567.96285841717872    552.76190140424660      h
  592.49717280043308    562.78500881307207    544.77402904053895      c
  593.59510368363965    561.06724775827900    545.15953317164769      h
  593.40424134421824    564.39694520442356    545.70755375018450      h
  589.85155621439321    562.41651221715938    545.79826060456310      c
  588.74228697438923    563.83380681682365    547.22689356102455      o
  588.76685341411678    560.24332716434094    544.97622973675777      o
  586.96972386174252    560.29246004379593    545.41086674732151      h
  584.39591686875235    571.12814968976215    538.90076021953041      c
  583.75529970970410    568.65260845568196    540.30860618853023      c
  584.68126551481794    568.89827285295712    543.06760634254329      c
  583.13357981198476    567.63593579618953    545.14819481485040      c
  583.20160995276865    564.85992810698053    545.34472633267046      n
  583.17515378690814    564.21553149566648    547.16831205090512      h
  582.96728391229078    563.20074856230690    543.52680979283446      c
  582.81799554779275    560.57969841599459    544.00680023058737      c
  582.59311813797945    558.69375173537469    542.18132478621999      c
  582.52508799719556    556.12750364691601    543.00713510629089      c
  582.34556401457132    554.08093024500079    541.41220625013545      c
  582.50808046199950    551.52413078720645    542.19644259528297      c
  582.48729347453775    549.49645464662024    540.54482195514095      c
  582.95027637709472    547.00579560347694    541.57094324529783      c
  582.98051199522092    544.78725712346920    540.23112741708189      c
  583.46806133750545    542.22289876114337    541.10796034274085      c
  584.73606757267169    541.74101859725761    543.69688514479412      c
  585.49951693035757    538.93288556378945    543.95766735113250      c
  583.41703873191750    537.12252792848506    543.14130566172582      c
  582.90492294990543    537.52314986865679    540.33884180665643      c
  582.75941403767331    540.26136303520809    539.54893628311015      c
  581.66337288059970    540.54671168127391    536.93733476746218      c
  582.31532839644524    538.97445953871306    535.74302785147847      h
  579.58845358669123    540.37285687704832    537.01859299117632      h
  582.10178934342912    542.31738506778777    535.96412580902620      h
  584.39969632101804    536.60474296807433    539.19555749626056      h
  581.14936737245478    536.57261762381529    539.73412944413303      h
  583.95750040592281    535.14587439348668    543.50602280537271      h
  581.68038041579564    537.46834781080315    544.24490572333104      h
  587.17948346249284    538.59840403826877    542.76525016128153      h
  586.08911148381776    538.58139650307271    545.92109280320062      h
  582.96539418615794    542.39864329150168    545.92865170773212      c
  581.29109683242120    541.16465212672745    545.96266677812412      h
  583.97828739338456    542.12652272836613    547.72767098623933      h
  582.28131332605324    544.35639956517127    545.88329828054293      h
  587.21349853288484    543.26980703876200    543.89719611487999      c
  588.24528900144037    542.70477892502925    545.61495716967306      h
  588.44937942379204    542.86351592019162    542.27203164059847      h
  586.91303207775604    545.32015989294302    543.98034406472709      h
  582.51563936653110    544.93843521410008    538.22990744235608      h
  583.33011132980482    546.98311888988235    543.59483993361835      h
  582.05454619010698    549.90841494358938    537.75936563526750      c
  581.89391946881176    548.13963128320836    536.69922927471873      h
  580.32355705238376    551.01201500519460    537.43244301427831      h
  583.64380586786376    550.98744856546693    536.95434230265823      h
  582.80098801259680    551.15185473902807    544.20900092680620      h
  582.14525304448546    554.43997821024902    539.39019928794778      h
  582.68760444462373    555.78168376459791    545.03859069914301      h
  582.49296265293651    559.28901546723364    539.40153764474519      c
  584.22584151679257    558.61627296392635    538.46045403056803      h
  580.88858516611651    558.32147568719620    538.50202800549164      h
  582.30399003964783    561.31102242942131    538.99524652617470      h
  582.79531883419816    559.99766276706578    545.99668184851600      h
  582.90870240217123    563.95474928932833    541.60873776795563      h
  583.82332985048799    568.25198651551023    546.99823669894545      h
  581.14369819405613    568.20096390992228    544.97811946289062      h
  586.68437521567671    568.34269336988882    543.22256388543997      h
  584.59622783883822    570.91839008901195    543.58161185068820      h
  581.68982904646009    568.38048789254651    540.28592947493553      h
  584.64347099216025    566.98209055421103    539.42799381060547      h
  586.28564300163794    571.77254630107620    539.52814929564840      h
  582.99562980428402    572.53410593262902    539.55082600924300      h
  575.59411469842757    564.35256418877327    548.36713445694613      h
  592.44203547248287    563.01080929896364    542.72738393876659      h
  584.39869044373097    571.08654606508060    536.84138079779518      h
$user-defined bonds
$end
