$coord
  341.42437933298072    340.63825326170030    354.56175540880173      c
  341.19194301863575    341.92704648432829    352.94226011291869      h
  340.86124094538081    341.68327181318608    356.26439865453165      h
  344.18337948699372    339.83700938135678    354.81497871060839      c
  345.32099461899088    341.47540193856861    355.42913970379624      h
  344.39313908774409    338.41971478169256    356.30975208172089      h
  345.48162134028615    338.90348467171128    352.44715186610267      c
  344.76352540978962    339.09623673726560    350.29853325301173      o
  347.74551324748319    337.73563392158798    352.98572381397508      o
  348.20849615004016    336.81911674713837    351.45315592020484      h
  339.55921963982263    340.72140121154723    344.35912401735214      c
  340.20928542953527    338.78065247307370    344.76163568365678      h
  340.62880463103585    341.36390809672838    342.70750337721006      h
  340.26219776125606    342.36357322102486    346.59278030642292      c
  338.80521891280125    343.45016574743414    347.99495709702410      o
  342.75096707826646    342.53553829911749    346.96883580686722      o
  354.92458282631577    339.86724499948292    345.15658844542986      c
  356.38723085316929    340.87257930217811    346.22995288890894      h
  353.14635053527036    340.95572725202504    345.31721516672513      h
  354.47671773282184    337.31422499395444    346.32254946942027      c
  354.93592118311307    336.79832975967668    348.51841123583341      o
  353.37500739734952    335.57945640396537    344.76730486205543      o
  354.55986568266883    334.08468303285287    344.68793636447424      h
  348.47116808251127    346.62301592454912    336.05944684171840      c
  347.53008446833422    344.32888839922595    337.55988939122955      c
  346.84600360822964    345.20383159875200    340.25085940445871      c
  344.57644252263401    343.88102330573201    341.45083549884106      c
  345.02430761612789    341.34690056153244    342.51664103778865      n
  343.73173494123409    341.74185332330552    345.55154120720294      h
  345.03375624679228    339.43071826278634    341.00863958374589      c
  345.09611720917752    336.86635990046057    341.94972319792294      c
  345.03375624679228    334.67238786018032    340.57022312091641      c
  345.02808706839363    332.25353841008666    341.84767798674710      c
  345.25107475207415    329.97830814609233    340.64392244009895      c
  345.42492955629962    327.57646623119473    341.88547250940479      c
  346.02775219269017    325.34092021599105    340.69683477181974      c
  346.35278508754647    323.09592557012286    342.23885129625438      c
  347.00663032952485    320.74699598694599    341.40170261938607      c
  347.36945774703895    318.40562530830067    342.82655612358184      c
  347.70582899869260    318.47365544908456    345.72917546369422      c
  348.62612562540789    315.88284092089833    346.70994332666186      c
  347.11812417136520    313.68319970221944    345.63279943091703      c
  347.52063583766983    313.60950038303696    342.78498214865840      c
  347.41859062649399    316.16818956696409    341.51697591349210      c
  347.26741253586312    315.92441489582183    338.68049698803077      c
  348.42959410758777    314.31436823060329    338.05310791191272      h
  345.31910489285804    315.46143199326485    338.10413051750066      h
  347.85511736319057    317.59304307115985    337.60335309228589      h
  349.37256744789772    312.73455718351084    342.34089650743022      h
  346.12601795160020    312.35850168306666    341.86279579581020      h
  347.68504201123085    311.87662151918079    346.49451454751289      h
  345.09044803077887    313.90240793363421    346.05609808468341      h
  350.63112505239957    315.65985323721782    346.16192274812505      h
  348.58077219821865    315.89417927769563    348.79053179896897      h
  345.20572132488491    319.13505959559456    347.08788855323894      c
  343.75252192869584    317.68374992553834    346.75529675385110      h
  345.53453367200694    319.25600206809924    349.14391058581856      h
  344.41392607520578    320.94730695703186    346.46994810778534      h
  349.77507911420236    320.39361720009634    346.48317619071560      c
  350.21916475543048    320.17062951641589    348.50518315290321      h
  351.52496551325447    320.03645896098101    345.41170147336942      h
  349.22516880953265    322.36838100896188    346.17326110492235      h
  347.22205910867382    320.54668501686012    339.36268812200245      h
  346.02775219269017    323.41339956044766    344.24951990164476      h
  346.46994810778534    325.27666952747285    337.86980447702285      c
  346.77041456291414    323.35859750259397    337.14981882039342      h
  344.85990144256681    326.09492094301237    336.84368318686592      h
  348.15180436605363    326.40105657653982    337.37091677794098      h
  345.16981652836006    327.55567924373298    343.93960481585151      h
  345.39847339043916    329.97263896769374    338.58790040751938      h
  344.90147541749030    332.27432539754841    343.90936919772531      h
  345.00730008093188    334.65538032498438    337.72807501705637      c
  346.76285565838265    333.83334945717911    336.96651538550350      h
  343.43504793837104    333.49508847939256    337.01564826495854      h
  344.80887883697892    336.56022426693306    336.96462565937060      h
  345.09233775691177    336.73974824955718    344.00952468276824      h
  344.89013706069301    339.71984636111785    338.95639700343207      h
  343.89614111479511    345.05076378198822    343.02497736753480      h
  343.03820545046506    343.80921371268238    340.03921007757555      h
  348.50896260516902    345.06210213878558    341.50374783056191      h
  346.33388782621762    347.22016938254103    340.15637309781442      h
  345.81988231807270    343.57299794607172    336.62636468158405      h
  348.91714344987230    342.77175406572815    337.64870651947518      h
  350.07176611706541    347.49417967180938    337.08367840574243      h
  346.91592347514643    348.00629545382145    336.06133656785130      h
  352.98194436170928    338.13814558789255    353.05753340702478      o
  353.10666628647976    338.13058668336106    351.22449905812567      h
  351.25095522398607    338.60868739498108    353.45626562106361      h
  339.97522122589493    339.18383982149732    354.39621241560786      h
  337.56409803124353    340.66086144594641    343.85058998630495      h
  355.40063740795205    339.74362861640611    343.15637016181449      h
  349.03275987378930    346.25560636955879    334.11203650081893      h
$user-defined bonds
$end
