$coord
  109.13168417414590    115.12211601539339    115.25439684469539      c
  108.86712251554191    116.45815239134355    113.67458579760299      h
  108.52508208548961    116.15957566234761    116.94759145976093      h
  111.89635350655760    114.37567419290356    115.55486329982421      c
  112.94515151030913    116.05942017730466    116.19925991113821      h
  112.10233365504213    112.98672548523261    117.07042365839848      h
  113.52718715923791    113.46860564911846    113.36656043794262      c
  115.49061261130609    112.34232887391860    113.77096183038014      o
  112.93003370124603    114.01095704925663    110.97416715370940      o
  111.40502471200733    115.04274751781219    110.70204659057387      h
  107.26652448098777    115.38856740013026    105.15003121215585      c
  108.05831973066685    113.52151798083925    105.57710931818801      h
  108.30965330634064    116.18414210207511    103.53998454693728      h
  107.74084574034207    117.12333599011929    107.38179777509379      c
  109.53608556658342    116.73216268061195    108.78208483956205      o
  106.37457374626574    119.17557857043309    107.78430944139843      o
  104.85523393542569    119.45714776423306    106.71094499791938      h
  122.69802808213194    114.24717281586733    105.81899426319737      c
  124.28728775988876    115.01629135195178    106.91314569413815      h
  121.06152525105297    115.50950987263495    106.11190181379465      h
  121.96670406870518    111.70549116713615    106.87535117148043      c
  122.16134586039240    111.14235277953622    109.09011019922242      o
  120.87633209003017    109.94237668515385    105.36734971743770      o
  120.87822181616306    110.26363012774439    103.54187427307016      h
  116.20303936340397    121.08609169078046     96.74452937308051      c
  115.24494821403096    118.81842033131770     98.28276644524942      c
  114.57220571072367    119.75761421936187    100.95861864941548      c
  112.42358709763268    118.36110660715939    102.28709612083409      c
  112.97538712843530    115.80052769709934    103.25274617473866      n
  113.15869056332521    115.63045234513963    105.16136956895316      h
  112.79586314581115    113.68403442826741    101.89214335906100      c
  112.87901109565813    111.24817744297782    102.87669067429441      c
  112.75617889702056    108.97861635738215    101.47262415756039      c
  112.90357753538565    106.63913540486973    102.72929203592935      c
  113.08688097027556    104.31855171368618    101.48963169275636      c
  113.37600906860706    101.98285021343951    102.70661532233471      c
  113.88623512448618     99.69817131878077    101.46317552689595      c
  114.25095226813310     97.50608900463342    102.99007424226755      c
  114.77251668080955     95.10802654200154    102.10568241207707      c
  115.15046190738667     92.80634011214683    103.51541810720977      c
  115.52462768169804     92.84791408707032    106.41614772118923      c
  116.39768115509119     90.22686394075792    107.35912106149917      c
  114.83298791706189     88.06879669700251    106.28575661802012      c
  115.19770506070881     88.01021518688306    103.43227015736281      c
  115.14479272898802     90.56134546627868    102.16993310059519      c
  114.99550436449005     90.34213723486396     99.33912335353249      c
  116.09154552156372     88.68673714245612     98.71551372968023      h
  113.02829946015609     89.94718447309084     98.77409523979968      h
  115.64368042806981     91.98997842274024     98.26575891005345      h
  117.03451886187366     87.12582335669258    102.95038999347696      h
  113.79174881784189     86.78378292664028    102.49874544771730      h
  115.38100849559872     86.24332125263498    107.11723611648979      h
  112.81665013327290     88.31257136814476    106.74118061604555      h
  118.39134222528554     89.97364063895125    106.79220322163347      h
  116.37500444149657     90.22686394075792    109.43970953380625      h
  113.04719672148495     93.54711275623799    107.79564779819574      c
  111.57321033783415     92.11092089524492    107.48762243853540      h
  113.40246523446744     93.67183468100845    109.84411092624379      h
  112.26296037633740     95.36502929607400    107.18148680500792      h
  117.65434903346015     94.71118405409555    107.14747173461598      c
  118.13056001894734     94.45040184775733    109.15625061387341      h
  119.37399981438608     94.32379019685401    106.04009222074498      h
  117.15168188211257     96.70673485042279    106.88479980214487      h
  114.83676736932765     94.89637721511835    100.05910901016192      h
  114.07142828550896     97.82545272109110    105.01208120445520      h
  114.15079678309016     99.63203090412976     98.62669660143462      c
  114.29441596918947     97.70639997471930     97.87647532667900      h
  112.54263984400448    100.56366588764239     97.69884107018777      h
  115.87422701628186    100.65815219428667     98.06544793996757      h
  113.29853029715873    101.95072486918046    104.77397571171161      h
  113.08877069640843    104.32233116595194     99.42605075564524      h
  112.98105630683395    106.64291485713551    104.79098324690759      h
  112.50673504747967    109.00885197550834     98.63992468436481      c
  114.21315774547540    108.23028480875945     97.73852531897835      h
  110.90235756065974    107.84289095151789     98.02198423891120      h
  112.21949667528104    110.91747536972284     97.91049039707094      h
  113.06798370894668    111.08377126941677    104.92704352847534      h
  112.54075011787160    114.00339814472510     99.87202612300625      h
  111.79997747378043    119.45903749036594    103.93682703484326      h
  110.79842262335103    118.22882577785738    100.98507481527589      h
  116.27106950418785    119.77840120682362    102.17182282672808      h
  113.92213992101100    121.73237802822737    100.80366110651887      h
  113.52340770697212    118.05875042589767     97.37002872306566      h
  116.62633801717035    117.25750654555416     98.40181919162121      h
  117.79607849342658    121.96292461643942     97.77631984163607      h
  114.65157420830487    122.46748149391989     96.71996293335300      h
  120.55696837357250    112.30075489899512    113.79552827010767      o
  120.58531426556578    112.14390762996561    111.97005282574014      h
  118.75605936893248    112.41980764536692    114.17347349668479      h
  107.70080261081655    113.65027662338149    115.08395942856474      h
  105.30076531150031    115.18836362962197    104.56823099316195      h
  123.15972615398526    114.18596788415191    103.81253693652637      h
  116.77430475497476    120.72433683401560     94.79887487318295      h
$user-defined bonds
$end
