$coord
  109.13168417414590    115.10888793246318    115.29975027188465      c
  108.72161360330972    116.58476404224687    113.89379402901773      h
  108.68192935451911    115.94603660933153    117.14601270371391      h
  111.91147131562067    114.36244610997336    115.23549958336652      c
  113.03963781695340    115.89123455147784    116.09532497382949      h
  112.22516585367970    112.70704601756555    116.43169622548314      h
  113.31364810622183    113.82009470983519    112.77696588448231      c
  115.42825164892086    112.91680561831585    112.85633438206349      o
  112.30453435126090    114.35488720544183    110.52441233408263      o
  110.66047261565038    115.25439684469539    110.53764041701281      h
  107.30809845591125    115.30919890254906    105.16892847348470      c
  107.92414917523196    113.51395907630771    105.99284906742284      h
  108.42114714818091    115.72493865178390    103.46817495388763      h
  107.70683066995012    117.44458943270985    107.02652926211130      c
  108.49862591962921    117.21404284449780    109.18837595813247      o
  107.20794297086832    119.69714298310953    106.03064359008056      o
  107.43659983294748    120.98782593187043    107.33077516950587      h
  122.81519110237085    114.49472693927535    105.85300933358931      c
  124.56129804915719    115.07109340980547    106.81865938749388      h
  121.43191157309855    116.03863318984293    106.11757099219329      h
  121.60954582958979    112.20815831848373    107.03597789277572      c
  120.13933889820477    110.80409180174969    105.98717988902419      o
  122.12733079000046    111.85288980550122    109.52285748365323      o
  123.21014386414394    113.19837481211580    110.17103354723299      h
  116.21059826793552    121.09554032144491     96.74074992081474      c
  115.26006602309404    118.82597923584925     98.27898699298365      c
  114.60622078111561    119.77840120682362    100.94917001875106      c
  112.51618367814407    118.33654016743186    102.31166256056162      c
  113.15302138492655    115.78352016190337    103.23951809180846      n
  113.46482619685267    115.58509891795036    105.12546477242834      h
  113.02829946015609    113.67836524986875    101.85623856253616      c
  113.12656521906614    111.24061853844627    102.82566806870651      c
  113.07176316121246    108.99184444031236    101.39703511224495      c
  113.05475562601650    106.64291485713551    102.64992353834815      c
  113.25695632223525    104.32611061821771    101.42538100423823      c
  113.39490632993591    101.97718103504084    102.64425435994949      c
  113.90135293354926     99.69439186651499    101.41026319517516      c
  114.18670157961499     97.48719174330456    102.94094136281252      c
  114.74039133655049     95.09668818520423    102.06977761555224      c
  115.09565984953299     92.78933257695086    103.48518248908360      c
  115.42636192278798     92.83468600414011    106.38969155532882      c
  116.29941539618115     90.21741531009350    107.34022380017031      c
  114.75739887174645     88.05556861407233    106.24607236922952      c
  115.15613108578533     87.99698710395288    103.39825508697086      c
  115.12022628926050     90.55000710948137    102.13969748246902      c
  115.02951943488199     90.33646805646529     99.30321855700767      c
  116.13689894875299     88.68295769019035     98.69850619448427      h
  113.07365288734535     89.94907419922373     98.69094728995272      h
  115.70226193818927     91.98808869660733     98.24686164872459      h
  116.99672433921594     87.10503636923085    102.93905163667964      h
  113.75206456905130     86.77811374824162    102.44772284212938      h
  115.29975027188465     86.23009316970479    107.08133131996497      h
  112.73350218342593     88.29367410681591    106.67692992752745      h
  118.30063537090703     89.97175091281835    106.79220322163347      h
  116.25784142125767     90.21174613169484    109.42081227247741      h
  112.93192342737893     93.52632576877625    107.74273546647495      c
  111.45793704372812     92.09958253844759    107.40258476255553      h
  113.25695632223525     93.62837097995208    109.79875749905453      h
  112.16280489129447     95.35558066540956    107.14180255621731      h
  117.53718601322124     94.70740460182978    107.15314091301464      c
  117.98694083284802     94.44851212162445    109.16947869680362      h
  119.27384432934313     94.33134910138554    106.06843811273826      h
  117.02507023120923     96.69917594589126    106.88102034987909      h
  114.86511326132094     94.89259776285259    100.02509393976997      h
  113.94292690847274     97.80277600749648    104.95916887273439      h
  114.24717281586733     99.63014117799689     98.58323290037823      c
  114.43425570302301     97.70828970085218     97.83679107788842      h
  112.64657478131319    100.54287890018064     97.61758284647367      h
  115.96871332292616    100.68082890788129     98.06355821383468      h
  113.21538234731177    101.93749678625025    104.70405584479482      h
  113.40813441286610    104.33744897501502     99.36746924552578      h
  112.96593849777088    106.64858403553416    104.71350447545926      h
  113.14546248039501    109.07121293789356     98.55677673451784      c
  115.10510848019742    108.80098210089092     97.90860067093806      h
  111.98328090867034    107.58399847131255     97.69695134405487      h
  112.47649942935350    110.88535002546377     97.82356299495821      h
  113.23616933477351    111.06487400808791    104.87980037515320      h
  112.77129670608365    114.00906732312374     99.83801105261431      h
  111.88501514976028    119.40612515864514    103.97651128363385      h
  110.86456303800203    118.16835454160504    101.05310495605977      h
  116.32209210977577    119.84643134760749    102.13591803020326      h
  113.90891183808080    121.73615748049315    100.78665357132290      h
  113.53096661150369    118.07197850882788     97.37569790146432      h
  116.63956610010055    117.26506545008571     98.39237056095679      h
  117.80552712409100    121.97048352097096     97.76876093710453      h
  114.65535366057064    122.47693012458430     96.72185265948588      h
  120.21114849125442    112.74861999248903    114.38512282356798      o
  118.81464087905194    112.43114600216424    113.21727207344466      h
  119.33242583946260    113.64057072721104    115.72115919951814      h
  107.69821143478401    113.64364848419578    115.09723750261190      h
  105.33894261057843    115.16731359921532    104.58149679706555      h
  123.19091245548937    114.26138420418069    103.84125219373360      h
  116.77708593993164    120.72627428340300     94.79510954613180      h
$user-defined bonds
$end
