$coord
  109.10900746055127    115.11266738472895    115.40935438759200      c
  108.99940334484390    116.47138047427374    113.83710224503115      h
  108.44382386177553    116.11233250902546    117.10443872879043      h
  111.82076446124218    114.21126801934251    115.82131468456107      c
  112.89034945245544    115.70037221205639    116.80964145206028      h
  111.84722062710256    112.55208847466892    117.05530584933540      h
  113.36845016407551    113.82576388823384    113.44970838778958      c
  113.67836524986875    115.44147973185106    111.86233843616566      o
  114.61755913791292    111.59588705142878    113.18892618145136      o
  113.86544813702444    110.25040204481419    114.23961391133579      h
  107.33644434790453    115.13912355058936    104.99507366925923      c
  108.08099644426149    113.20026453824869    104.91003599327937      h
  108.27941768821447    116.20303936340397    103.47762358455206      h
  108.21138754743059    116.26729005192209    107.45360736814345      c
  107.16636899594484    117.71670999584538    108.87090196780768      o
  110.60567055779670    115.41502356599067    107.89013410484004      o
  111.31242813149593    116.16902429301203    109.43215062927472      h
  122.66401301174000    114.27362898172773    105.83411207226045      c
  124.11721240792906    115.28463246282155    106.91881487253681      h
  120.85932455483420    115.30730917641618    106.03631276847922      h
  122.31441367715614    111.66958637061133    106.92637377706835      c
  122.85865480342720    111.07243291261946    109.07310266402645      o
  121.23915950754420    109.93859723288807    105.32577574251421      o
  122.43724587579371    108.44382386177553    105.29176067212228      h
  116.21815717246706    121.09176086917913     96.73130129015031      c
  115.27518383215713    118.79574361772308     98.21851575673131      c
  114.55519817552769    119.68013544791356    100.89058850863161      c
  112.35933640911458    118.24961276531913    102.07166734168514      c
  112.87901109565813    115.62856261900674    102.88802903109173      n
  112.74673026635612    115.34132424680813    104.78909352077468      h
  112.83743712073465    113.58009949095870    101.43860908716844      c
  112.66736176877494    111.13290414887179    102.41181804560456      c
  112.72216382662862    108.85767388487747    101.03987687312959      c
  112.58043436666220    106.53520046756103    102.35323653548510      c
  112.93381315351181    104.20138869344726    101.20806249895639      c
  113.11144741000307    101.87891527613080    102.48740709091997      c
  113.79741799624055     99.61124391666803    101.31955634079665      c
  114.14890705695728     97.44183831611531    102.89369820949038      c
  114.77818585920819     95.05889366254651    102.06221871102071      c
  115.16180026418400     92.77421476788777    103.50785920267822      c
  115.55108384755843     92.86303189613339    106.40480936439192      c
  116.47515992653952     90.27032764181429    107.37045941829648      c
  114.91424614077597     88.08013505379984    106.35378675880401      c
  115.22605095270210     87.97997956875690    103.49652084588091      c
  115.15424135965245     90.51410231295655    102.19827899258848      c
  114.96904819862965     90.26087901114987     99.37124869779156      c
  116.01784620238118     88.57524330061587     98.75519797847083      h
  112.98672548523261     89.92261803336334     98.82700757152048      h
  115.64934960646848     91.88226403316574     98.27520754071789      h
  117.05341612320251     87.08424938176910    102.99574342066622      h
  113.79741799624055     86.74598840398258    102.60834956342467      h
  115.49439206357185     86.27544659689404    107.20227379246965      h
  112.90357753538565     88.31068164201189    106.84322582722139      h
  118.45937236606943     90.02655297067204    106.76763678190596      h
  116.49405718786836     90.29678380767470    109.45104789060356      h
  113.08310151800978     93.54900248237088    107.80320670272728      c
  111.59210759916300     92.13737706110530    107.46683545107365      h
  113.44025975712516     93.62081207542055    109.85544928304111      h
  112.31398298192532     95.39148546193438    107.24195804126026      h
  117.65056958119439     94.77543474261367    107.08700049836364      c
  118.11922166215001     94.59591075998954    109.10711773441840      h
  119.38344844505050     94.37292307630902    106.00607715035304      h
  117.12333599011929     96.75208827761205    106.74307034217844      h
  114.92747422370617     94.83023680046735    100.02131448750421      h
  113.85599950636001     97.77443011550318    104.90247708874783      h
  114.25851117266465     99.52809596682106     98.50953358119570      c
  114.56275708005924     97.61002394194213     97.79899655523070      h
  112.65980286424339    100.35390628689208     97.47207393424148      h
  115.95359551386306    100.64492411135647     98.03899177410717      h
  112.82420903780445    101.86757691933349    104.53775994510090      h
  113.21538234731177    104.17115307532109     99.16526854930702      h
  112.30075489899512    106.58811279928183    104.39980993740025      h
  113.03018918628898    108.85200470647882     98.21662603059842      c
  114.99739409062293    108.40413961298493     97.70451024858642      h
  111.80564665217908    107.43471010681458     97.32467529587640      h
  112.55586792693468    110.68692878151079     97.40026434119183      h
  112.44059463282865    110.99117468890537    104.45839144751970      h
  112.92058507058162    113.92780909940966     99.40904322044926      h
  111.71305007166768    119.23038062828678    103.78753867034530      h
  110.76062810069332    118.22315659945873    100.73374123960210      h
  116.21248799406840    119.63289229459143    102.15670501766499      h
  113.93158855167543    121.66623761357636    100.77909466679135      h
  113.57443031256004    118.03040453390440     97.27176296415560      h
  116.66980171822672    117.24805791488974     98.33756850310310      h
  117.81119630248966    121.96103489030654     97.76687121097163      h
  114.66291256510218    122.46937122005278     96.72563211175165      h
  120.15445670726785    111.72249870233212    113.36467071180974      o
  120.84798619803689    111.93036857694953    111.67336582287709      h
  118.33087098903322    111.70738089326903    113.13979330199635      h
  107.69132909282322    113.64468857071364    115.13005454110217      h
  105.33094316355285    115.11639453716670    104.52578639212092      h
  123.14580716491351    114.19442994284989    103.83301635661371      h
  116.78141336311404    120.72374809623771     94.78448562871213      h
$user-defined bonds
$end
