$coord
  109.30931843063715    114.94637148503502    115.36589068653564      c
  108.62145811826677    116.73594213287772    114.56653653232500      h
  109.44537871220491    115.17880779937997    117.42947162364675      h
  111.95115556441127    114.42102762009281    114.26229062493043      c
  113.31742755848761    115.64934960646848    115.25250711856249      h
  112.64846450744608    112.48783778615081    114.58732351978675      h
  112.24595284114145    115.02573998261622    111.44470896079793      c
  110.56598630900611    115.88556537307919    110.14457738137260      o
  114.52118310513575    114.58543379365386    110.42047739677390      o
  115.77029207897316    113.87489676768885    111.67525554900996      h
  107.25707585032335    115.48494343290743    105.25963532786322      c
  107.80509642886018    113.94103718233987    106.52386211076370      h
  108.54586907295135    115.63423179740541    103.64958866264465      h
  107.14180255621731    117.96615384538627    106.70905527178651      c
  105.99095934128997    118.32898126290031    108.64980401026006      o
  108.29453549727756    119.84076216920884    105.43160040595581      o
  108.00918685121182    121.40545540723816    106.36701484173420      h
  122.73015342639098    114.57409543685655    105.83789152452621      c
  124.46870146864578    115.14668245512090    106.82432856589253      h
  121.43758075149721    116.21059826793552    106.03253331621345      h
  121.44136020376297    112.50484532134676    107.35534160923339      c
  120.52106357704767    110.57354521353764    106.34811758040534      o
  121.30718964832809    113.01318165109301    109.73261708440353      o
  116.23516470766303    121.10120949984356     96.75775745601071      c
  115.32431671161216    118.84298677104522     98.34134795536887      c
  114.94259203276926    119.77273202842495    101.06822276512285      c
  113.05097617375071    118.28362783571107    102.65370299061392      c
  113.84277142342981    115.74950509151142    103.48896194134937      n
  114.41346871556128    115.55675302595708    105.32199629024845      h
  113.54797414669966    113.68025497600163    102.12646939953882      c
  113.97694197886469    111.21983155098452    102.99574342066622      c
  113.55175359896542    109.02774923683718    101.59167690393218      c
  113.76151319971574    106.64291485713551    102.80110162897898      c
  113.65379881014124    104.36012568860966    101.55199265514158      c
  113.87300704155598    101.98473993957241    102.75952765405550      c
  114.22449610227271     99.70761994944519    101.51419813248387      c
  114.53819064033172     97.47774311264013    103.04298657398836      c
  115.00495299515447     95.08912928067269    102.16615364832941      c
  115.34321397294100     92.75720723269180    103.58344824799364      c
  115.76462290057451     92.81767846894414    106.47472923130869      c
  116.62066883877171     90.19284887036598    107.42148202388439      c
  115.01440162581891     88.04234053114213    106.38780182919595      c
  115.32431671161216     87.96108230742803    103.52864619013997      c
  115.26006602309404     90.51788176522231    102.26441940723947      c
  115.00684272128737     90.29489408154180     99.43360966017678      c
  116.04052291597581     88.61492754940647     98.76842606140103      h
  113.01129192496012     89.96608173441970     98.92527333043053      h
  115.66824686779735     91.92761746035501     98.34134795536887      h
  117.14223325144813     87.04834458524427    103.02219958652663      h
  113.87678649382175     86.74787813011545    102.64425435994949      h
  115.55864275208998     86.21686508677459    107.22684023219716      h
  113.00940219882723     88.31635082041053    106.87724089761333      h
  118.59732237377008     89.90938995043314    106.81676966136098      h
  116.63578664783478     90.20229750103040    109.50018077005861      h
  113.31931728462048     93.56034083916819    107.88824437870714      c
  111.81887473510928     92.15060514403551    107.60100600650853      h
  113.70293168959627     93.68695249007153    109.93292805448941      h
  112.55775765306757     95.38959573580151    107.27408338551932      h
  117.93024904886146     94.65260254397610    107.17959707887502      c
  118.44614428313923     94.37292307630902    109.17703760133516      h
  119.62533339005986     94.25576005607012    106.03631276847922      h
  117.44458943270985     96.65382251870199    106.94338131226432      h
  115.07298313593836     94.87747995378949    100.11958024641427      h
  114.39079200196664     97.81222463816088    105.06877298844176      h
  114.42102762009281     99.61880282119957     98.67016030249097      c
  114.45504269048476     97.68750271339044     97.92749793226692      h
  112.83365766846887    100.62035767162897     97.77443011550318      h
  116.17091401914492    100.57500424443971     98.06733766610046      h
  113.89379402901773    101.96962213050931    104.82877776956529      h
  113.47049537525133    104.37146404540697     99.49597062256201      h
  114.08843582070493    106.62968677420531    104.84011612636260      h
  112.92058507058162    109.11278691281704     98.82322811925472      c
  114.57598516298944    108.47594920603457     97.73096641444681      h
  111.34077402348920    107.85044985604944     98.35268631216618      h
  112.42925627603134    111.01574112863288     98.18450068633936      h
  114.68747900482968    111.02330003316442    104.92326407620958      h
  112.83932684686754    114.02229540605394    100.21784600532432      h
  112.56342683146623    119.30407994746932    104.38280240220428      h
  111.27463360883822    118.07764768722653    101.58978717779929      h
  116.78318528619987    119.87855669186655    102.04143172355896      h
  114.18103240121633    121.71348076689851    100.99074399367454      h
  113.50073099337750    118.16079563707351     97.57789859768307      h
  116.64712500463210    117.23105037969377     98.32811987243868      h
  117.85466000354603    121.97426297323675     97.75175340190856      h
  114.68369955256392    122.49015820751451     96.77098553894091      h
  118.02284562937285    112.79208369354538    113.37789879473993      o
  119.15101213070558    112.46138162029040    111.87556651909586      h
  118.77684635639422    114.32087213504988    114.05820020257877      h
  107.76456355948524    113.60635897573501    115.11914989148333      h
  105.32128323185452    115.21940260732872    104.60773260106748      h
  123.16343196412365    114.28655604363396    103.84481025095594      h
  116.78141336713948    120.72914727514915     94.80686938645194      h
$user-defined bonds
$end
