$coord
  341.40926152391762    340.62880463103585    354.64112390638292      c
  341.20706082769885    341.96484100698603    353.06320258542337      h
  340.82344642272307    341.62658002919949    356.36455413957464      h
  344.14936441660183    339.78220732350309    354.89623693432247      c
  345.30209735766203    341.33178275246934    355.68992191013444      h
  344.29676305496685    338.22507299000529    356.24928084546860      h
  345.48918024481770    339.03954495327906    352.48872584102617      c
  344.77108431432117    339.33623195614206    350.34010722793516      o
  347.78519749627378    337.96051133140134    352.96682655264624      o
  348.38802013266434    337.35957842114368    351.33410317383306      h
  339.51575593876618    340.79321080459692    344.45738977626218      c
  340.16204227621307    338.96206618183072    345.20005214648620      h
  340.66659915369354    341.24107589809080    342.79254105318989      h
  339.97306966292456    342.83789448037919    346.38113097953976      c
  338.53120862353279    344.40258771840848    347.20127212121213      o
  342.43727254020740    342.77742324412679    347.10867554070069      o
  342.66781912841947    344.18715893925952    348.27274683855831      h
  354.97371570577076    339.87669363014737    345.14902954089831      c
  356.70470484349403    339.99952582878490    346.29042412516122      h
  353.88145400096283    341.61335194626929    345.54020285040565      h
  353.33532314855893    337.70539830346172    345.93704533831163      c
  352.02007376007055    336.37692083204314    344.60667814076015      o
  353.34666150535622    337.35201951661213    348.49006534384017      o
  352.33754775039534    335.83456943190498    348.79998042963337      h
  348.47305780864417    346.63057482908067    336.04243930652240      c
  347.52630501606842    344.34967538668769    337.55233048669805      c
  346.85356251276113    345.26052338273860    340.23007241699696      c
  344.62935485435474    343.91503837612396    341.45461495110686      c
  345.08477885238017    341.31288549114049    342.36924239942357      n
  344.89391651295875    341.09367725972572    344.27408634137225      h
  345.12446310117082    339.23796619723203    340.94816834749355      c
  344.88257815616140    336.79455030741087    341.90814922299944      c
  345.06588159105132    334.53254812634674    340.50975188466407      c
  344.84100418123796    332.18550826930277    341.75886085850146      c
  345.26052338273860    329.86114512585345    340.60234846517545      c
  345.36634804618012    327.52544362560678    341.85901634354440      c
  346.03531109722167    325.25021336161251    340.68927586728819      c
  346.35089536141362    323.06946940426246    342.25207937918464      c
  346.97450498526581    320.68463502456081    341.40926152391762      c
  347.35245021184301    318.39050749923763    342.83600475424629      c
  347.70393927255975    318.44341983095842    345.73862409435861      c
  348.61100781634480    315.83370804144334    346.68537688693436      c
  347.06143238737860    313.65863326249195    345.61579189572103      c
  347.41859062649399    313.59438257397386    342.76419516119665      c
  347.37323719930470    316.14362312723654    341.49807865216326      c
  347.25418445293292    315.92252516968898    338.66537917896767      c
  348.32943862254484    314.24822781595230    338.05688736417846      h
  345.28886927473184    315.57103610897224    338.07011544710872      h
  347.94960366983486    317.55902800076791    337.60146336615310      h
  349.24973524926014    312.69865238698605    342.27475609277923      h
  345.99940630069688    312.37739894439551    341.83633962994975      h
  347.62457077497851    311.84260644878884    346.45483029872230      h
  345.04509460358963    313.88917985070401    346.07499534601226      h
  350.60466888653917    315.59749227483263    346.10901041640420      h
  348.59589000728170    315.83370804144334    348.76596535924142      h
  345.21894940781505    319.11616233426571    347.11245499296649      c
  343.73740411963274    317.70264718686724    346.75151730158535      h
  345.55343093333585    319.18041302278380    349.16847702554605      h
  344.45738977626218    320.96053503996205    346.54742687923368      h
  349.79964555392985    320.34448432064136    346.47561728618405      c
  350.25129009968953    320.12149663696090    348.49573452223876      h
  351.54197304845042    319.96653909406422    345.39847339043916      h
  349.27241196285479    322.32869676017128    346.17137137878944      h
  347.12568307589669    320.46920624541184    339.36835730040116      h
  346.04853918015192    323.39261257298591    344.26274798457490      h
  346.50963235657599    325.17273459016423    337.87925310768725      c
  346.77230428904704    323.25277283915233    337.15548799879201      h
  344.93360076174935    326.04011888515868    336.84179346073302      h
  348.23117286363481    326.25176821204190    337.42193938352892      h
  345.02997679452648    327.50087718587929    343.90181029319382      h
  345.64980696611298    329.85736567358771    338.57656205072203      h
  344.41959525360443    332.20251580449877    343.78086782068908      h
  345.61957134798683    334.60435771939643    337.72240583865772      c
  347.66425502376910    334.38325976184882    337.38981403926982      h
  344.64258293728500    333.09068708695503    336.69439482236794      h
  345.02430761612789    336.40148727177063    336.89092634018806      h
  344.49329457278702    336.63770303838135    343.93015618518706      h
  345.32477407125668    339.57244772275277    338.92238193304013      h
  344.00763495663540    344.96761583214129    343.12891230484354      h
  343.02686709366770    343.88102330573201    340.12046830128963      h
  348.52597014036496    345.17737543289161    341.47540193856861      h
  346.28475494676258    347.26174335746447    340.10912994449234      h
  345.80476450900960    343.60134383806496    336.63203385998276      h
  348.90958454534075    342.79065132705699    337.65437569787383      h
  350.06609693866676    347.50551802860673    337.07234004894508      h
  346.91970292741217    348.01007490608714    336.03110094972504      h
  353.00084162303818    338.00019558019193    353.46571425172800      o
  352.83454572334421    338.69939424935961    351.77629908892823      h
  351.40969221914844    338.41971478169256    354.27829648886888      h
  339.96582558466417    339.17614124742187    354.41966524173029      h
  337.54280058244643    340.68104964392944    343.87631388364741      h
  355.41824418592296    339.74571648867396    343.14203637306838      h
  349.03633050134795    346.25552792396371    334.09697127810671      h
$user-defined bonds
$end
