$coord
  114.56464680619212    110.84755550280606    122.01583694816021      c
  114.01473650152241    112.38012339657632    120.72137454713355      h
  114.41913789395993    111.58454869463147    123.94902678210221      h
  117.32931613860382    110.08221641898737    121.46025746509184      c
  118.54063058978352    111.52218773224624    122.37299518727561      h
  117.80930657635678    108.32855056766951    122.45047395872392      h
  118.54629976818217    109.80064722518742    118.75416964279960      c
  117.29341134207900    110.18237190403030    116.76428802487101      o
  120.86877318549863    109.18837595813247    118.83731759264657      o
  112.55586792693468    111.12723497047313    112.12501036863677      c
  113.10199877933863    109.44726843833780    113.21160289504600      h
  113.76340292584861    111.31431785762882    110.44882328876720      h
  112.77318643221653    113.44025975712516    113.81253580530363      c
  112.81287068100713    113.44781866165671    116.06319962957043      o
  112.74861999248903    115.72493865178390    112.52941176107429      o
  112.97160767616951    115.45470781478126    110.72850275643427      h
  127.96469481448420    110.08032669285450    112.75995834928634      c
  129.58985928876587    110.69070823377656    113.89757348128349      h
  126.39433239805626    111.41258361653887    113.11522686226883      h
  126.99526530831389    107.54053477025619    113.54986387283253      c
  125.90489332963888    106.00229769808728    112.22516585367970      o
  127.33730573836618    107.01141145304821    116.02729483304562      o
  126.26394129488715    105.54120452166318    116.37500444149657      h
  121.45836773895894    116.92491474616629    103.70628044663121      c
  120.51917385091480    114.66291256510218    105.29365039825515      c
  120.09209574488263    115.57565028728594    108.03942246933799      c
  118.00772782030977    114.26984952946196    109.57765954150690      c
  118.48771825806271    111.70927061940191    110.59244247486650      n
  118.36866551169092    111.43715005626638    112.52563230880851      h
  118.48771825806271    109.67592530041696    109.12223554348147      c
  118.27795865731241    107.19093543567234    109.99339929074176      c
  118.34031961969764    105.02719901351828    108.46272112310439      c
  118.12111138828290    102.61212901569043    109.60600543350019      c
  118.42346756954461    100.34067820396189    108.33988892446682      c
  118.49716688872715     97.95395409812733    109.53419584045054      c
  119.10187925125055     95.69951082159476    108.32288138927085      c
  119.36833063598743     93.46963398478970    109.85922873530687      c
  119.98816080757392     91.10180714028398    109.00507252324256      c
  120.32453205922756     88.76799536617020    110.41291849224235      c
  120.59476289623021     88.78689262749907    113.32309673688626      c
  121.49049308321801     86.17340138571822    114.27173925559485      c
  119.99760943823834     83.99454715450108    113.13979330199635      c
  120.43413617493493     83.96998071477356    110.29953492426922      c
  120.37933411708124     86.54000825549804    109.06176430722913      c
  120.29240671496851     86.32835892861485    106.22528538176779      c
  121.46970609575625     84.72398144179493    105.61490384084573      h
  118.35732715489361     85.85592739539344    105.61490384084573      h
  120.89333962522613     88.00643573461728    105.17081819961760      h
  122.28795751129576     83.09881696751327    109.85355955690821      h
  119.05085664566265     82.74543818066365    109.32632596583312      h
  120.56074782583828     82.17474088853220    113.97127280046602      h
  117.96615384538627     84.19674785071983    113.54608442056676      h
  123.50116168860833     85.96175205883502    113.75395429518417      h
  121.41490403790257     86.15450412438936    116.35232772790194      h
  118.05497097363191     89.42184060814864    114.61755913791292      c
  116.59232294677842     88.01777409141461    114.15835568762171      h
  118.30252509703993     89.43695841721173    116.68680925342269      h
  117.31797778180650     91.27944139677523    114.06575910711031      h
  122.64700547654402     90.68795711718202    114.16780431828613      c
  123.02306097698826     90.43095436310958    116.19925991113821      h
  124.43090694598807     90.33646805646529    113.15302138492655      h
  122.12166161160179     92.67216955671195    113.87678649382175      h
  120.19792040832422     90.90905507472964    106.96605802585896      h
  119.04329774113110     93.77765934445004    111.86989734069719      h
  119.56297242767465     95.64848821600684    105.50718945127123      c
  119.92768957132158     93.74364427405810    104.78153461624315      h
  117.93213877499433     96.42894510888860    104.48106816111434      h
  121.21270334168382     96.82767732292747    105.03475791804982      h
  118.19481070746544     97.90293149253941    111.58076924236569      h
  118.74094155986940    100.39359053568268    106.30276415321609      h
  117.80741685022389    102.55543723170386    111.64501993088381      h
  118.72771347693920    105.22373053133839    105.65269836350343      c
  120.72515399939931    104.88169010128608    105.16514902121894      h
  117.58064971427760    103.83289209753455    104.62279762108075      h
  118.20803879039563    107.10022858129382    104.95160996820285      h
  117.98316138058225    106.97739638265627    112.02107543132806      h
  118.61055045670028    110.07654724058872    107.10022858129382      h
  117.52395793029105    115.43581055345240    111.21983155098452      h
  116.29563594391537    114.16591459215326    108.37957317325741      h
  121.88733557112398    115.54541466915977    109.09766910375396      h
  119.49305256075787    117.57498053587896    107.94682588882660      h
  118.70503676334457    113.98828033566200    104.50185514857607      h
  121.84576159620049    113.05097617375071    105.28798121985650      h
  123.07597330870907    117.79418876729369    104.70783529706061      h
  119.91257176225849    118.31575317997012    103.70817017276411      h
  125.45135905774630    108.59878140467215    120.60232180076176      o
  125.70458235955299    108.31721221087219    118.77495663026134      h
  123.54273566353183    108.52697181162249    120.60421152689463      h
  113.02404957833106    109.48146379357000    121.95983890860145      h
  110.59142511732439    111.00701688326768    111.51731454320250      h
  128.40872795283781    110.02995875477259    110.74921724217474      h
  122.01505647262118    116.57404889418066    101.75441647475841      h
$user-defined bonds
$end
