$coord
  577.66093293114784    564.32324588524102    548.31348608743372      c
  578.33367543445513    562.36548961157143    548.18498471039754      h
  578.19950487902031    565.32858018793615    546.56359968838171      h
  579.11413232733696    565.60448020333752    550.39785401200663      c
  581.19472079964407    564.91661989096701    551.07815541984553      o
  578.01431171799754    567.71152484150502    551.33515817391799      o
  579.23507479984153    568.44473858106460    552.50678837630710      h
  592.62189472520345    562.87382594131770    544.78158794507056      c
  592.65213034332965    560.85748815752868    545.22567358629874      h
  594.39067838558447    563.76766640217261    545.39763866439137      h
  590.40335624519571    564.04734586983966    546.13463185621674      c
  588.51551983844297    562.88516429811500    546.83005107311863      o
  590.69437406966017    566.51343847325541    546.56926886678048      o
  589.16747535428851    567.15783508456946    547.38185110392112      h
  584.39969632101804    571.15649558175551    538.89509104113176      c
  583.75718943583695    568.68662352607384    540.28970892720133      c
  584.38646823808790    569.03622286065774    543.10540086520098      c
  582.96350446002498    567.27877755707414    544.90253041757524      c
  583.67593121212280    564.60481507904092    544.75702150534312      n
  585.14046896510922    563.99821299038467    545.86629074534699      h
  582.53642635399274    562.91917936850700    543.34350635794453      c
  583.06932912346667    560.31702648352348    543.51169198377136      c
  581.98084687092444    558.43674898130223    542.04337477851925      c
  582.46650648707612    555.87050089284355    542.73690426928829      c
  581.83344823255936    553.80125077733373    541.30827131282672      c
  582.33044620550834    551.27279721153275    542.06038231371519      c
  582.21139345913650    549.20921627442169    540.46923290982556      c
  582.84634143978599    546.76202093233474    541.49724392611529      c
  582.84445171365314    544.52647491713105    540.19522262055705      c
  583.38113393539265    541.98479326839981    541.09851171207640      c
  584.65858880122335    541.55582543623473    543.69310569252843      c
  585.44849432476951    538.76092048569694    543.98979269539154      c
  583.38302366152561    536.91843750613339    543.20555635024391      c
  582.86901815338069    537.27181629298298    540.39742331677587      c
  582.68949417075657    539.99680137660414    539.57350272283770      c
  581.59534273981581    540.24813495227784    536.95434230265823      c
  582.23973935112974    538.65698554838821    535.78082237413628      h
  579.51664399364154    540.08939795711547    537.03560052637238      h
  582.04887701170833    542.00369052972860    535.95278745222879      h
  584.37890933355629    536.35907857079928    539.26925681544321      h
  581.12669065886018    536.28726897774959    539.80404931104977      h
  583.94427232299256    534.95312232793231    543.60428856428280      h
  581.64447561927079    537.26803684071729    544.30348723345048      h
  587.12468140463909    538.43021841244195    542.79359605327477      h
  586.04942723502722    538.44155676923924    545.95699759972547      h
  582.88035651017799    542.23234739180782    545.91164417253617      c
  581.20227970417557    541.00213567929927    545.94187979066226      h
  583.88191136060732    541.97345491160252    547.72011208170773      h
  582.20194482847205    544.19388311774321    545.84739348401808      h
  587.12846085690489    543.10351113906813    543.88396803194985      c
  588.16969995612487    542.53848302533527    545.59794963447723      h
  588.36056229554629    542.71233782956074    542.25124465313672      h
  586.82043549724449    545.15386399324905    543.98034406472709      h
  582.28131332605324    544.63985848510413    538.21856908555867      h
  583.35656749566522    546.78847709819513    543.49090499630972      h
  581.55943794329096    549.55314643060672    537.71779166034401      c
  581.19661052577692    547.76735523502987    536.73891352350915      h
  579.89458922021868    550.77201978631808    537.47779644146749      h
  583.15625652557935    550.49045059251807    536.76725941550262      h
  582.98240172135377    550.97422048253679    544.00302077832168      h
  580.96039475916621    554.10549668472834    539.46389860713032      h
  583.45483325457519    555.55869608091734    544.53025436939674      h
  580.35379267050996    559.00744627343374    539.78326232358802      c
  581.23629477456745    558.23454828508341    538.06172181652926      h
  578.48674325121885    558.10982636031304    539.97034521074374      h
  580.09490019030454    561.03701214015280    539.46200888099747      h
  584.39402714261939    559.74821891752492    544.99701672421952      h
  581.06621942260779    563.65239310806658    542.09250765797424      h
  583.25452228448933    567.82679813561094    546.88674285710511      h
  580.93771804557150    567.42050701704056    544.49245984673905      h
  586.45193890133180    568.89638312682428    543.40019814193113      h
  583.81766067208923    570.95807433780249    543.67987760959818      h
  581.71439548618753    568.31623720402843    540.09128768324831      h
  584.78709017825963    567.03500288593193    539.53948765244581      h
  586.27997382323929    571.81223054986674    539.53570820018001      h
  582.98807089975253    572.56056209848953    539.53003902178136      h
  575.60278077994008    564.36427657121362    548.38495889525711      h
  592.48035512480692    563.03764492325820    542.73319539488716      h
  584.39969632101804    571.09397981523193    536.83623846362480      h
$user-defined bonds
$end
