$coord
  114.42480707235859    110.92692400038726    122.26717052383400      c
  114.43236597689013    112.15335626063003    120.58531426556578      h
  113.68970360666607    112.06642885851730    123.84131239252775      h
  117.08743119359445    110.02174518273503    122.92101576581243      c
  118.01150727257553    111.34077402348920    124.22681652363642      h
  117.02695995734211    108.24540261782253    123.97359322182974      h
  119.08109226378880    109.69671228787871    120.89711907749191      c
  121.29774101766367    109.41136364181298    121.48293417868646      o
  118.25906139598355    109.80064722518742    118.53118195911908      o
  119.69336353084375    109.75529379799816    117.35955175672999      h
  112.58421381892796    111.05920482968926    111.97383227800590      c
  113.25128714383661    109.14113280481033    112.41224874083537      h
  113.64435017947682    111.69604253647171    110.29575547200345      h
  113.45348784005536    112.74106108795748    114.13945842629285      c
  115.51517905103360    112.38768230110786    115.06164477914105      o
  112.03241378812535    114.66858174350084    114.95393038956657      o
  110.40158013544504    114.91046668851020    114.07520773777475      h
  127.83052425904933    110.14646710750549    112.75428917088767      c
  129.29506201203571    109.15247116160765    113.84277142342981      h
  127.72280986947484    112.10611310730789    113.42703167419496      h
  125.28884261031814    108.78019511342917    113.07365288734535      c
  125.21136383886984    106.46339087451138    112.55397820080179      o
  123.38399866836943    110.06709860992429    113.83710224503115      o
  121.50750061841399    116.96270926882400    103.69116263756814      c
  120.63444714502081    114.70070708775989    105.28420176759073      c
  120.38689302161279    115.58887837021615    108.03564301707223      c
  118.81464087905194    113.87111731542309    109.73639653666930      c
  119.85210052600615    111.33888429735633    110.15213628590415      n
  121.19191635422209    111.07432263875234    111.57698979009992      h
  119.07164363312438    109.33010541809888    108.92570402566136      c
  119.72926832736857    106.82999774429118    109.55498282791227      c
  118.87889156757005    104.70594557092772    108.26807933141716      c
  119.25683679414716    102.28898584696698    109.40191501114855      c
  118.86944293690561    100.01375558297266    108.22083617809501      c
  119.16235048750289     97.65348764299850    109.46805542579953      c
  119.43258132450553     95.35369093927667    108.27185878368293      c
  119.77462175455784     93.14838054219913    109.83466229557936      c
  120.24894301391214     90.75409753183301    109.00129307097679      c
  120.60043207462887     88.45619055424407    110.47905890689336      c
  121.03884853745834     88.60169946647628    113.36656043794262      c
  121.92701981991459     86.01088493829005    114.37567419290356      c
  120.33587041602487     83.81880262414271    113.41380359126477      c
  120.60610125302753     83.66006562898032    110.55464795220878      c
  120.50972522025036     86.18473974251553    109.22617048079017      c
  120.20736903898865     85.88994246578537    106.40480936439192      c
  121.21270334168382     84.18351976778963    105.77364083600811      h
  118.20047988586410     85.57813765385924    105.92670865277185      h
  120.87633209003017     87.48676104807375    105.26530450626187      h
  122.42212806673064     82.74543818066365    110.04631162246255      h
  119.14723267843981     82.41473610740867    109.72883763213777      h
  120.91223688655501     82.02356279790135    114.29819542145525      h
  118.33276071516609     84.07958483048093    113.92213992101100      h
  123.90367335491295     85.73687464902163    113.75962347358283      h
  121.96292461643942     86.07702535294105    116.45437293907777      h
  118.58598401697277     89.35381046736475    114.77251668080955      c
  117.09310037199312     87.92895696316899    114.50417556993979      h
  118.96770869581567     89.50687828412849    116.81720035659181      h
  117.81497575475542     91.17172700720074    114.13756870015997      h
  123.18368769828355     90.47819751643171    114.02040567992107      c
  123.69580348029554     90.26465846341563    116.02729483304562      h
  124.88444121788062     90.06623721946265    112.89223917858833      h
  122.68479999920173     92.46807913436029    113.71993922479223      h
  120.33020123762623     90.50276395615923    106.95849912132741      h
  119.62533339005986     93.52254631651049    111.85100007936833      h
  119.56297242767465     95.21763065770891    105.42782095369003      c
  119.49494228689076     93.27688191923535    104.70972502319349      h
  118.01906617710708     96.29099510118795    104.53964967123379      h
  121.35443280165025     96.07556632203899    104.79854215143912      h
  119.31730803039952     97.70262052245353    111.53163636291067      h
  118.37433469008957     99.99485832164382    106.21583675110335      h
  119.94469710651755    102.27008858563812    111.35022265415364      h
  117.57498053587896    104.83444694796394    105.74718467014772      c
  118.77306690412844    103.94438593937481    104.29020582169288      h
  115.77407153123893    103.79887702714261    105.76608193147656      h
  117.21782229676357    106.77897513870327    105.14814148602296      h
  120.95570058761137    106.56165663342142    111.19715483738992      h
  117.72804835264269    109.69860201401158    107.39691558415687      h
  118.56519702951103    114.70826599229143    111.61856376502341      h
  116.91924556776763    113.64057072721104    108.90302731206673      h
  122.28795751129576    115.84966057655436    108.84822525421305      h
  119.44769913356863    117.45403806337428    108.06020945679974      h
  118.77873608252710    114.02796458445260    104.59256200295458      h
  121.94969653350921    113.08499124414266    105.21617162680684      h
  123.14022399722717    117.83765246835006    104.66248186987134      h
  119.95792518944775    118.35354770262784    103.72517770796007      h
  125.36443165563358    109.67403557428408    118.46504154446809      o
  124.62743846380818    110.27307875840883    116.86633323604684      h
  123.89989390264719    109.43593008154049    119.57053133220619      h
  112.96574747514910    109.49154616399814    122.03561552914611      h
  110.58858553292482    110.98612922667317    111.46894629353108      h
  128.36346084868214    110.05064353350747    110.76693449920275      h
  122.03209391228135    116.58143987222013    101.73611335936212      h
$user-defined bonds
$end
