$coord
  109.14491225707609    115.09565984953299    115.35266260360544      c
  109.13357390027878    116.33343046657309    113.67836524986875      h
  108.41547796978224    116.22382635086572    116.93625310296360      h
  111.82643363964083    114.18481185348210    115.98383113198923      c
  112.73539190955881    115.56431193048863    117.23105037969377      h
  111.75840349885695    112.41791791923403    117.05341612320251      h
  113.68970360666607    114.00717759699086    113.81442553143653      c
  114.70826599229143    115.81564550616241    112.86956246499371      o
  114.41724816782704    111.66013773994689    113.05097617375071      o
  113.58387894322448    110.29386574587058    113.99583924019355      h
  107.34400325243608    115.19392560844304    105.00641202605654      c
  108.08099644426149    113.24372823930506    105.00830175218942      h
  108.29831494954333    116.15012703168317    103.43038043122991      h
  108.19815946450039    116.41846814255294    107.45360736814345      c
  106.87157171921467    117.53340656095547    108.96160882218618      o
  110.67748015084635    116.13311949648720    107.90525191390311      o
  122.76605822291582    114.50984474833844    105.82277371546314      c
  124.51216516970214    115.00873244742024    106.83188747042408      h
  121.43380129923145    116.10666333062682    106.06654838660539      h
  121.47348554802204    112.27996791153338    106.99062446558646      c
  120.29618616723428    110.64913425885307    105.91159084370877      o
  121.57175130693209    112.24784256727432    109.56254173244383      o
  122.52984245630512    113.68592415440030    110.20693834375784      h
  116.19548045887244    121.07097388171739     96.76153690827648      c
  115.24494821403096    118.77117717799557     98.27142808845211      c
  114.58732351978675    119.63667174685719    100.97940563687723      c
  112.36122613524746    118.28740728797683    102.24930159817637      c
  112.82042958553868    115.75328454377718    103.30376878032656      n
  111.64124047861804    115.73060783018256    106.28764634415300      h
  112.82420903780445    113.83710224503115    101.79387760015094      c
  112.89412890472121    111.27463360883822    102.72551258366357      c
  112.82420903780445    109.09577937762107    101.32522551919530      c
  112.86011383432927    106.66748129686302    102.57811394529848      c
  113.09255014867421    104.40736884193178    101.35924058958724      c
  113.28908166649431    102.00552692703414    102.59134202822869      c
  113.86544813702444     99.77187063796330    101.39325565997919      c
  114.19426048414654     97.52876571822804    102.93149273214810      c
  114.81220092960014     95.17605668278543    102.08300569848245      c
  115.16557971644976     92.83090655187435    103.50596947654535      c
  115.54352494302688     92.90460587105687    106.40291963825902      c
  116.44870376067911     90.30434271220624    107.37423887056225      c
  114.90290778397866     88.11792957645756    106.32544086681072      c
  115.26195574922693     88.03289190047769    103.47384413228629      c
  115.16368999031687     90.59158108440485    102.20205844485425      c
  114.96526874636389     90.34591668712972     99.36935897165867      c
  116.10855305675969     88.73020084351249     98.72496236034466      h
  113.00184329429570     89.89616186750293     98.82889729765337      h
  115.54352494302688     92.01265513633486     98.28087671911653      h
  117.10065927652465     87.14661034415433    103.00141259906488      h
  113.84466114956270     86.79512128343760    102.57244476689984      h
  115.46793589771146     86.30757194115310    107.18337653114081      h
  112.88468027405678     88.35603506920114    106.78086486483616      h
  118.44047510474059     90.06434749332975    106.79787240003213      h
  116.43358595161602     90.32135024740221    109.45671706900222      h
  113.06987343507959     93.59624563569304    107.79564779819574      c
  111.60155622982744     92.15060514403551    107.49896079533271      h
  113.42892140032785     93.73608536952656    109.84600065237667      h
  112.27618845926762     95.40660327099748    107.17014844821061      h
  117.65245930732726     94.79811145620829    107.11912584262269      c
  118.12678056668156     94.57512377252779    109.13546362641168      h
  119.37777926665186     94.40693814670097    106.01741550715035      h
  117.12522571625216     96.78043416960533    106.81110048296233      h
  115.00684272128737     94.97385598656666    100.04210147496595      h
  113.91080156421370     97.84812943468573    104.94594078980420      h
  114.27929816012639     99.69628159264788     98.56622536518226      c
  114.38323309743511     97.76120203257298     97.83490135175552      h
  112.75428917088767    100.67893918174842     97.55522188408845      h
  116.06886880796910    100.64870356362225     98.07867602289778      h
  113.06609398281381    101.97907076117374    104.64925378694116      h
  113.22294125184331    104.41681747259622     99.29943910474189      h
  112.75428917088767    106.67126074912879    104.64169488240961      h
  112.75050971862190    109.10711773441840     98.48307741533530      c
  114.50039611767401    108.30776358020776     97.69128216565620      h
  111.17636784992817    107.94682588882660     97.77631984163607      h
  112.52563230880851    111.01952058089866     97.74230477124412      h
  112.92436452284738    111.12534524434025    104.78531406850892      h
  112.67114122104070    114.13000979562842     99.74352474597002      h
  111.72060897619923    119.45714776423306    103.84800990659764      h
  110.77952536202218    118.21748742106007    100.88302960410006      h
  116.27862840871940    119.53084708341559    102.20016871872136      h
  114.03930294124991    121.64356089998174    100.88869878249872      h
  113.51962825470636    118.03040453390440     97.35302118786969      h
  116.62255856490458    117.20648393996626     98.34323768150175      h
  117.79229904116080    121.93457872444614     97.79899655523070      h
  114.64023585150754    122.45425341098968     96.76342663440936      h
  119.41746351544245    113.27585358356411    114.38134337130221      o
  118.33842989356475    112.56342683146623    113.06987343507959      h
  118.50283606712581    114.82164956026458    114.77818585920819      h
  107.70488138827233    113.64241768835487    115.11353821162976      h
  105.34077398863209    115.13265662830010    104.53091146277328      h
  123.17861431801096    114.26443356636867    103.81968785181796      h
  116.76912864191630    120.72234024020648     94.81418883896056      h
$user-defined bonds
$end
