$coord
  109.27341363411233    114.99739409062293    115.31675780708062      c
  108.72161360330972    116.64145582623344    114.17158377055190      h
  109.13168417414590    115.54163521689401    117.31608805567363      h
  112.03052406199247    114.30953377825256    114.68747900482968      c
  113.29475084489297    115.63045234513963    115.68714412912620      h
  112.54641929627026    112.42547682376558    115.38856740013026      h
  112.78074533674807    114.37756391903645    111.89257405429181      c
  111.28030278723688    114.31709268278411    110.16347464270146      o
  115.24305848789807    114.51173447447133    111.38801717681136      o
  116.37500444149657    114.16402486602036    112.84499602526620      h
  107.23439913672871    115.35833178200410    105.17648737801623      c
  107.87690602190983    113.61978373974929    106.12135044445907      h
  108.44949304017419    115.62667289287386    103.52486673787419      h
  107.58777792357833    117.60521615400512    106.92637377706835      c
  105.91348056984164    118.93747307768950    107.77675053686690      o
  109.98584038621020    118.13056001894734    107.45360736814345      o
  122.71125616506214    114.61755913791292    105.83600179839334      c
  124.37799461426727    115.39990575692758    106.79787240003213      h
  121.25238759047441    116.11611196129122    105.96261344929667      h
  121.64545062611462    112.48216860775214    107.42904092841593      c
  120.84609647190399    110.48661781142491    106.44260388704963      o
  121.57175130693209    113.00184329429570    109.80253695132029      o
  116.22760580313150    121.10309922597644     96.74830882534629      c
  115.30730917641618    118.81464087905194     98.27520754071789      c
  114.60055160271695    119.73304777963436    100.94728029261817      c
  112.27429873313471    118.48771825806271    102.13024885180459      c
  112.69192820850245    116.04052291597581    103.38502700404067      n
  111.14613223180200    116.93247365069783    106.59567170381337      h
  112.83932684686754    114.06386938097742    101.97340158277508      c
  112.93003370124603    111.51840827998046    102.98440506386891      c
  113.02452000789033    109.34144377489621    101.58789745166642      c
  113.01507137722589    106.88857925441064    102.81432971190918      c
  113.28530221422854    104.64925378694116    101.55955155967312      c
  113.40057550833457    102.20205844485425    102.72740230979645      c
  113.93158855167543     99.97974051258072    101.48963169275636      c
  114.19992966254520     97.69128216565620    102.98818451613468      c
  114.82920846479611     95.34991148701090    102.11891049500728      c
  115.16935916871553     92.97830519023941    103.52108728560842      c
  115.56620165662152     93.03499697422599    106.41614772118923      c
  116.50161609239990     90.43851326764111    107.37234914442936      c
  114.96904819862965     88.24265150122800    106.32733059294360      c
  115.29597081961887     88.17840081270988    103.47006468002051      c
  115.16557971644976     90.74464890116859    102.21528652778446      c
  114.92747422370617     90.50087423002634     99.38258705458887      c
  116.13878867488586     88.94562962266146     98.70228564675004      h
  112.97916658070108     89.95663310375528     98.87425072484263      h
  115.40368520919336     92.19784829735765     98.29788425431251      h
  117.13467434691660     87.29400898251941    102.98062561160313      h
  113.87111731542309     86.93118156500536    102.58567284983003      h
  115.56053247822285     86.43229386592355    107.17014844821061      h
  112.95271041484067     88.45997000650985    106.80732103069656      h
  118.49338743646138     90.21552558396061    106.78086486483616      h
  116.50161609239990     90.45174135057133    109.45482734286934      h
  113.08877069640843     93.69262166847020    107.81643478565749      c
  111.63179184795361     92.23753254614824    107.50840942599713      h
  113.44781866165671     93.82490249777219    109.86678763983842      h
  112.28374736379915     95.49919985150888    107.19471488793812      h
  117.65245930732726     94.94551009457338    107.14180255621731      c
  118.13811892347887     94.70929432796267    109.15247116160765      h
  119.37777926665186     94.59591075998954    106.02875386394767      h
  117.10065927652465     96.92216362957176    106.85834363628446      h
  115.07487286207125     95.18361558731696    100.07989599762367      h
  113.86733786315732     97.98418971625348    105.00074284765788      h
  114.38323309743511     99.93438708539148     98.66449112409232      c
  114.32654131344853     98.01064588211389     97.88781368347631      h
  112.96026931937222    101.06066386059132     97.64970819073272      h
  116.25217224285900    100.74318987026653     98.21851575673131      h
  113.14735220652788    102.13591803020326    104.78342434237602      h
  113.52340770697212    104.70594557092772     99.51108843162508      h
  112.82420903780445    106.86590254081601    104.87224147062166      h
  113.20782344278022    109.36223076235795     98.74763907393930      c
  115.08432149273567    108.69137798518355     98.14292671141588      h
  111.78674939085023    108.10745261012188     97.88970340960921      h
  112.92625424898027    111.26140552590802     97.98418971625348      h
  112.85066520366485    111.40691443814022    105.04420654871426      h
  112.78641451514673    114.26040089879753     99.90226174113242      h
  111.52785691064490    119.76517312389342    103.58344824799364      h
  110.79653289721816    118.31197372770434    100.66004192041956      h
  116.23138525539726    119.54596489247868    102.23418378911330      h
  114.15268650922305    121.76450337248643    100.82066864171483      h
  113.60466593068621    118.03418398617016     97.34735200947104      h
  116.71137569315022    117.27829353301591     98.38859110869102      h
  117.83009356381852    121.98749105616692     97.76120203257298      h
  114.66480229123506    122.48070957685007     96.75208827761205      h
  119.10754842964921    113.21727207344466    114.13756870015997      o
  119.75005531483033    112.81665013327290    112.39713093177230      h
  119.92957929745447    114.82542901253034    114.46827077341496      h
  107.75433461337833    113.62261445873241    115.10424416169296      h
  105.27403472366495    115.17802163889381    104.57048261132226      h
  123.15637599398710    114.30073855379574    103.84998185580751      h
  116.78073218164549    120.72876117183061     94.79979544649014      h
$user-defined bonds
$end
