$coord
  109.10522800828549    115.14290300285512    115.31108862868196      c
  108.83688689741574    116.47704965267239    113.72749812932379      h
  108.45894167083861    116.18036264980934    116.99294488695017      h
  111.87934597136163    114.42480707235859    115.63990097580405      c
  112.93759260577760    116.14634757941741    116.16146538848049      h
  112.09855420277636    113.11144741000307    117.21971202289646      h
  113.38923715153726    113.38356797313860    113.43270085259363      c
  115.15046190738667    111.95682474280993    113.69348305893185      o
  112.79208369354538    114.19048103188076    111.09510962621408      o
  111.48250348345564    115.48683315904032    111.10455825687851      h
  107.31943681270856    115.19770506070881    105.07255244070753      c
  107.97139232855412    113.27963303582989    105.57144013978935      h
  108.42870605271244    115.82887358909261    103.42660097896415      h
  107.85044985604944    116.97026817335555    107.24384776739313      c
  106.39158128146171    118.31008400157147    108.35689645966279      o
  110.31654245946520    116.97404762562131    107.96761287628834      o
  111.34833292802077    115.88367564694630    106.89991761120795      h
  122.63566711974670    114.36244610997336    105.81521481093159      c
  124.33075146094514    114.80275229893572    106.93582240773279      h
  121.33175608805561    115.97249277519192    106.11001208766176      h
  121.27506430406905    112.06075968011864    106.91692514640393      c
  120.38689302161279    110.35433698212290    105.48451273767661      o
  121.03506908519257    112.02296515746093    109.28475199090964      o
  116.25406196899189    121.12766566570396     96.74830882534629      c
  115.36022150813697    118.87133266303852     98.32811987243868      c
  114.95015093730079    119.80485737268401    101.03609742086381      c
  113.33254536755068    118.10410385308693    102.69527696553740      c
  114.40968926329550    115.60210645314633    103.26597425766886      n
  116.02729483304562    115.55486329982421    104.31288253528751      h
  113.72749812932379    113.47238510138422    102.07544679395090      c
  114.67992010029815    111.07621236488524    102.55921668396962      c
  113.78607963944324    108.86901224167478    101.36113031572013      c
  114.38890227583376    106.50685457556773    102.43449475919918      c
  113.86544813702444    104.19382978891571    101.32144606692952      c
  114.24717281586733    101.85812828866906    102.54409887490655      c
  114.25851117266465     99.51486788389086    101.35924058958724      c
  114.65724338670351     97.33034447427507    102.91826464921790      c
  114.95204066343368     94.90015666738412    102.06221871102071      c
  115.30730917641618     92.59658051139652    103.50219002427957      c
  115.71926947338524     92.68539763964213    106.39347100759460      c
  116.48838800946970     90.05489886266533    107.38746695349245      c
  114.85755435678939     87.92706723703610    106.35378675880401      c
  115.22038177430345     87.80045558613276    103.50407975041244      c
  115.19770506070881     90.34024750873105    102.20583789712002      c
  114.96148929409812     90.08513448079150     99.37880760232309      c
  116.00272839331811     88.39760904412462     98.74574934780640      h
  112.96782822390375     89.74498377687209     98.86102264191243      h
  115.62856261900674     91.70085032440873     98.26953836231922      h
  117.04018804027231     86.87071032875302    103.04298657398836      h
  113.78230018717747     86.58536168268729    102.60268038502601      h
  115.34510369907389     86.10348151880144    107.22684023219716      h
  112.84877547753196     88.25021040575955    106.79787240003213      h
  118.46882099673387     89.72230706327746    106.82243883975964      h
  116.46571129587508     90.09269338532303    109.46805542579953      h
  113.27774330969700     93.52254631651049    107.76352245393670      c
  111.75273432045829     92.12981815657376    107.50462997373137      h
  113.64435017947682     93.70584975140039    109.80631640358607      h
  112.55775765306757     95.34802176087803    107.08511077223075      h
  117.93591822726010     94.45985047842176    107.10400803355961      c
  118.44425455700635     94.14426621422987    109.09955882988683      h
  119.61966421166122     94.03277237238960    105.95505454476513      h
  117.51072984736084     96.47807798834363    106.89991761120795      h
  114.84810572612497     94.64693336557744    100.02131448750421      h
  114.73283243201894     97.72340750991528    104.93649215913977      h
  114.04308239351568     99.31455691380498     98.52843084252456      c
  113.67269607147010     97.38136707986295     97.88970340960921      h
  112.53697066560582    100.53909944791488     97.78198902003473      h
  115.83265304135838     99.94950489445455     97.68183353499180      h
  114.66291256510218    101.91293034652274    104.56988528935996      h
  113.15869056332521    104.16737362305531     99.38258705458887      h
  115.34699342520678    106.51441348009928    104.25997020356671      h
  112.17036379582601    108.95216019152177     99.01975963707483      c
  113.17380837238829    108.03375329093933     97.44183831611531      h
  110.38457260024907    107.92414917523196     99.28243156954592      h
  111.74517541592675    110.88346029933089     98.42260617908295      h
  116.17658319754358    110.86267331186914    103.97651128363385      h
  112.18548160488909    113.73505703385533    100.72807206120343      h
  112.95271041484067    119.03573883659955    104.51508323150628      h
  111.49762129251873    117.76206342303463    101.76931116042343      h
  116.79830309526295    120.12800054140746    101.95072486918046      h
  113.99017006179488    121.65489925677905    100.97562618461146      h
  113.56120222962984    118.13622919734598     97.55711161022133      h
  116.71893459768175    117.29341134207900     98.35646576443196      h
  117.87544699100778    122.00449859136289     97.73096641444681      h
  114.70448654002566    122.51472464724201     96.75775745601071      h
  120.05619094835779    113.28341248809566    113.89568375515060      o
  120.12611081527457    113.06987343507959    112.04375214492266      h
  118.34031961969764    112.78074533674807    114.28496733852504      h
  107.69375526659579    113.65748968723217    115.10115021340724      h
  105.32829901425579    115.13360404506446    104.54906081294530      h
  123.13841813692508    114.22088200776787    103.82273314811410      h
  116.78809463155672    120.73483012072826     94.79811101310038      h
$user-defined bonds
$end
