$coord
  109.12034581734858    115.12400574152628    115.35077287747255      c
  109.06176430722913    116.39012225055966    113.69726251119761      h
  108.40791906525070    116.21059826793552    116.97215789948844      h
  111.81887473510928    114.22449610227271    115.88934482534496      c
  112.78452478901384    115.62667289287386    117.07609283679714      h
  111.79052884311599    112.47649942935350    116.99483461308306      h
  113.58198921709158    114.03552348898414    113.63301182267949      c
  114.21882692387405    115.77596125737182    112.33665969551994      o
  114.67236119576661    111.69793226260460    113.22672070410908      o
  113.79741799624055    110.34488835145849    114.15268650922305      h
  107.32510599110722    115.18258725164573    105.00452229992366      c
  108.03375329093933    113.22483097797620    105.09333942816927      h
  108.30965330634064    116.06697908183621    103.40959344376817      h
  108.15847521570979    116.47704965267239    107.41581284548573      c
  106.82243883975964    117.59765724947357    108.91058621659828      o
  110.64346508045440    116.22760580313150    107.85611903444810      o
  122.66401301174000    114.32276186118276    105.84167097679199      c
  124.08508706366999    115.38478794786448    106.91503542027104      h
  120.83475811510668    115.32620643774503    106.00229769808728      h
  122.33142121235211    111.74328568979385    106.98873473945358      c
  122.92479521807822    111.19715483738992    109.13924307867744      o
  121.18813690195630    110.02174518273503    105.44482848888600      o
  122.34842874754808    108.50996427642652    105.37868807423501      h
  116.20114963727109    121.07853278624894     96.75397800374493      c
  115.25439684469539    118.77495663026134     98.25253082712325      c
  114.49661666540824    119.64612037752161    100.92649330515644      c
  112.25351174567298    118.25528194371779    102.11324131660862      c
  112.73728163569170    115.71737974725237    103.15259068969571      n
  111.58265896849858    115.75517426991009    106.26119017829261      h
  112.67303094717360    113.81064607917075    101.63325087885566      c
  112.75806862315345    111.24250826457916    102.56110641010252      c
  112.65224395971185    109.04853622429894    101.18727551149465      c
  112.68625903010380    106.63346622647107    102.47228928185689      c
  112.91680561831585    104.36012568860966    101.27420291360740      c
  113.14735220652788    101.97718103504084    102.53276051810924      c
  113.76718237811438     99.74163501983713    101.35546113732147      c
  114.14890705695728     97.52309653982940    102.92015437535079      c
  114.79897284666994     95.17227723051965    102.08678515074821      c
  115.18447697777862     92.84413463480453    103.52297701174130      c
  115.57754001341883     92.93862094144882    106.41803744732212      c
  116.50539554466567     90.35347559166127    107.39880531028976      c
  114.96526874636389     88.15194464684949    106.37268402013285      c
  115.30541945028330     88.04989943567367    103.51730783334266      c
  115.19014615617728     90.59725026280351    102.23229406298042      c
  114.97471737702830     90.34024750873105     99.39959458978484      c
  116.08587634316507     88.69996522538632     98.75897743073661      h
  113.00184329429570     89.93017693789487     98.86480209417820      h
  115.58509891795036     91.98997842274024     98.30544315884404      h
  117.14034352531526     87.15794870095164    103.04109684785547      h
  113.88434539835329     86.80079046183626    102.63669545541795      h
  115.54541466915977     86.35103564220947    107.23628886286160      h
  112.94893096257491     88.38438096119442    106.83566692268984      h
  118.49716688872715     90.11725982505055    106.81110048296233      h
  116.50350581853280     90.38182148365455    109.48128350872975      h
  113.10388850547152     93.62081207542055    107.81643478565749      c
  111.62990212182072     92.18839966669321    107.49140189080116      h
  113.46104674458689     93.72663673886213    109.86867736597129      h
  112.32154188645687     95.44817724592096    107.22117105379851      h
  117.66757711639035     94.85858269246064    107.11156693809114      c
  118.13433947121311     94.67338953143783    109.13168417414590      h
  119.40423543251225     94.46929910908619    106.02686413781478      h
  117.12900516851793     96.83145677519325    106.76763678190596      h
  114.98038655542696     94.95873817750358    100.04588092723172      h
  113.86544813702444     97.85757806535015    104.93271270687400      h
  114.17347349668479     99.64336926092709     98.52843084252456      c
  114.25662144653177     97.70451024858642     97.79899655523070      h
  112.65224395971185    100.62980630229339     97.51553763529785      h
  115.96493387066039    100.58256314897125     98.02576369117696      h
  112.93570287964469    101.96962213050931    104.59256200295458      h
  113.03396863855475    104.34500787954656     99.21440142876205      h
  112.59744190185818    106.66370184459726    104.53775994510090      h
  112.53697066560582    109.02774923683718     98.34701713376754      c
  114.23016528067136    108.13201904984939     97.53254517049382      h
  110.89479865612820    107.93359780589640     97.69128216565620      h
  112.39335147950652    110.94204180945034     97.59301640674616      h
  112.82420903780445    111.09888907847984    104.61712844268209      h
  112.45193298962597    114.10733308203380     99.58856720307341      h
  111.55431307650528    119.40045598024648    103.70061126823255      h
  110.71905412576984    118.17024426773793    100.69405699081149      h
  116.13689894875299    119.58753886740216    102.21528652778446      h
  113.90324265968215    121.63789172158307    100.80177138038599      h
  113.57065086029426    117.99827918964533     97.28877049935157      h
  116.66035308756230    117.23671955809242     98.37347329962793      h
  117.79229904116080    121.95347598577499     97.78765819843338      h
  114.64023585150754    122.45614313712257     96.74830882534629      h
  120.01272724730144    112.20626859235084    113.32687618915202      o
  120.40579028294165    112.27618845926762    111.53919526744221      h
  118.17402372000369    112.08721584597905    113.36845016407551      h
  107.69886112026141    113.65236652402189    115.11319883339112      h
  105.32208390843569    115.12895881569736    104.52722921998318      h
  123.14423795645031    114.20961297010032    103.84183011114895      h
  116.77214464873313    120.72340174253473     94.80702428173534      h
$user-defined bonds
$end
