$coord
  464.27169577961058    450.87542722358427    434.89212359163747      c
  464.84617252400784    448.91011204538319    434.49906055599729      h
  464.88774649893134    452.00170399878414    433.25184130829274      h
  465.72867462806545    451.76926768443917    437.18058193856206      c
  464.88396704666553    452.79538897459611    439.03629300105575      o
  468.24956928933489    451.29305669895200    437.05208056152577      o
  479.13250208862331    449.43734563645830    431.39235079353330      c
  480.18318981850774    447.71013595100084    431.83265698249562      h
  480.09815214252785    451.06439983687289    432.25217618399626      h
  476.43397317086260    449.16522507332274    432.35611112130499      c
  475.58737586332984    447.11487221914189    433.07420705180152      o
  475.12628268690571    451.27037998535735    432.26729399305935      o
  473.21010038815973    451.02471558808224    432.42981044048753      h
  471.04636396600563    457.75025089502225    425.49640525893011      c
  470.41330571148893    455.27659938707495    426.88535396660103      c
  470.81392765166072    455.71123639763863    429.73317124885972      c
  469.23222687843537    454.03504931776905    431.48872682631048      c
  470.07504473370238    451.38376355333048    431.71927341452249      n
  468.77869260654290    450.87920667585007    435.32109142380256      h
  469.05459262194415    449.73970181772000    430.21694113887844      c
  469.54970086876017    447.06762906581969    430.41158293056566      c
  468.59538917165298    445.22325636012334    428.85444859706786      c
  468.94309878010392    442.60031648767807    429.54797808783690      c
  468.34216586984633    440.58019925162330    428.06265334738879      c
  468.73144945322070    438.00261280636727    428.79964653921422      c
  468.66152958630397    435.96737776124945    427.18582042172983      c
  469.26246249656162    433.48427762263771    428.19304445055792      c
  469.30970564988377    431.28085695169301    426.85322862234199      c
  469.83504951482593    428.69949105417129    427.70738483440630      c
  471.12951191585262    428.23083897321567    430.28308155352943      c
  471.91374826100014    425.43215457041197    430.55898156893073      c
  469.84638787162328    423.60667912604447    429.74639933178992      c
  469.36261798160456    423.99218325715310    426.93637657218898      c
  469.17931454671464    426.73417587597021    426.15025050090850      c
  468.12106791229866    426.99873753457416    423.51786199779883      c
  468.95632686303412    425.53797923385360    422.29142973755609      h
  466.07071505811768    426.62079230799708    423.52920035459618      h
  468.41775491516171    428.83366160960617    422.60890372788083      h
  470.88384751857751    423.08322498723510    425.81954842765356      h
  467.62029048708399    423.01519484645121    426.32410530513403      h
  470.39062899789428    421.63380504331184    430.13379318903145      h
  468.10028092483691    423.96383736515986    430.83110213206623      h
  473.59371479313552    425.10712167555562    429.36278492681413      h
  472.51090171899199    425.09389359262542    432.52429674713181      h
  469.38340496906625    428.89791229812425    432.52996592553046      c
  467.65808500974168    427.73195127413379    432.52240702099891      h
  470.37740091496414    428.53319515447731    434.32520575177182      h
  468.78625151107440    430.88401446378708    432.53941455619486      h
  473.60316342379991    429.76718631925166    430.43425964416031      c
  474.64062307075415    429.26451916790410    432.17091796028217      h
  474.83337513630846    429.30987259509334    428.81854380054301      h
  473.29135861187382    431.81564944729968    430.43992882255895      h
  468.80703849853614    431.43392476845679    424.86334700441341      h
  469.71032759005550    433.48616734877055    430.20560278208114      h
  468.14563435202615    436.34154353556079    424.40414355412219      c
  467.73367405505712    434.57087014904698    423.41203733435725      h
  466.55259522200362    437.63600593658742    424.08855928993029      h
  469.81993170576283    437.19381002149225    423.50841336713438      h
  469.26246249656162    437.66624155471368    430.77252062194685      h
  467.59572404735644    440.92790886007430    426.16914776223740      h
  469.76512964790919    442.23937879629688    431.41313778099504      h
  467.22155827304510    445.79773310452055    426.42804024244271      c
  468.24201038480334    444.94924607085488    424.82366275562276      h
  465.30915542656481    444.97759196284818    426.43748887310716      h
  467.08549799147733    447.82729897123971    426.06143337266286      h
  470.72511052341508    446.49504204755539    432.01407069125264      h
  467.65430555747594    450.37842925063541    428.81665407441017      h
  469.27758030562467    454.82684456744818    433.41246802958807      h
  467.24990416503840    454.10118973242010    430.83110213206623      h
  472.83782433998124    455.53549186728026    430.20938223434689      h
  470.24889953792791    457.66899267130816    430.16213908102475      h
  468.40452683223151    454.81361648451792    426.54520326268158      h
  471.54336193895455    453.63820682986312    426.24662653368568      h
  472.92853119435972    458.40220641086779    426.13702241797836      h
  469.65552553220181    459.15053795949052    426.14080187024410      h
  462.21602970905428    450.96152148555990    434.99013859757895      h
  479.06420746872016    449.63828942194243    429.34351219644014      h
  471.02401211560328    457.70415020356734    423.43724104061192      h
$user-defined bonds
$end
