$coord
  341.35634919219683    340.64959161849760    354.73938966529295      c
  341.12769233011767    342.04043005230142    353.20871149765560      h
  340.73084984221168    341.57933687587735    356.48927606434501      h
  344.14180551207028    339.82945047682523    354.96993625350501      c
  345.05076378198822    340.76675463873647    356.58376237098935      h
  344.26841716297361    337.80177433623896    355.28741024382975      h
  345.67626313197343    340.37747105536209    352.61344776579659      c
  345.48918024481770    339.15103879511929    350.68025793185461      o
  347.24284609613557    342.34467595969602    352.89690668572945      o
  339.58000662728432    340.71006285474994    344.35534456508634      c
  340.24330049992722    338.75797575947905    344.65959047248094      h
  340.64392244009895    341.41871015458202    342.72262118627310      h
  340.32077927137550    342.23885129625438    346.66081044720681      c
  338.89592576717973    343.36323834532135    348.06676669007373      o
  342.80765886225299    342.26152800984903    347.09166800550474      o
  354.97749515803656    340.09590186156208    345.13391173183521      c
  356.72171237869003    340.56077449025202    346.16381247425790      h
  353.73783481486356    341.76453003690017    345.35311996324992      h
  353.56964918903674    337.99830585405903    346.49829399977870      c
  352.99139299237373    335.97440916573851    345.41170147336942      o
  353.00651080143683    338.54254698033009    348.79053179896897      o
  350.72750108517675    340.81210806592577    348.71494275365353      h
  348.46738863024552    346.58144194962563    336.08212355531299      c
  347.54898172966307    344.25896853230921    337.57500720029265      c
  346.95371799780406    345.07155076945003    340.30944091457820      c
  344.72951033939768    343.71850685830390    341.58311632814315      c
  345.21894940781505    341.20706082769885    342.68671638974837      n
  343.78842672522069    341.49429919989751    345.65358641837878      h
  345.21894940781505    339.27198126762397    341.19950192316730      c
  345.36634804618012    336.71518180982969    342.14058553734435      c
  345.19438296808761    334.54199675701119    340.74218819900898      c
  345.30209735766203    332.10802949785449    341.98940744671353      c
  345.42115010403381    329.85925539972055    340.73840874674323      c
  345.63090970478419    327.44040594962695    341.93838484112558      c
  346.15814329585925    325.20674966055617    340.72896011607884      c
  346.49640427364579    322.95419611015643    342.26341773598193      c
  347.13324198042824    320.61282543151111    341.40548207165182      c
  347.51685638540403    318.27145475286579    342.83978420651204      c
  347.95905230049925    318.37916914244033    345.72917546369422      c
  348.91903317600514    315.80347242331720    346.70427414826315      c
  347.37701665157050    313.58682366944231    345.71972683302977      c
  347.65102694083890    313.47155037533628    342.85868146784088      c
  347.49606939794228    316.01890120246611    341.56610879294715      c
  347.19938239507923    315.74300118706481    338.74285795041595      c
  348.30676190895025    314.11027780825162    338.07389489937447      h
  345.21328022941645    315.31403335489978    338.26286751266304      h
  347.76063105654623    317.39462182720689    337.62225035361479      h
  349.48028183747221    312.58526881901292    342.34467595969602      h
  346.21105562758004    312.21110304470153    342.02342251710547      h
  347.98550846635965    311.79158384320095    346.58711112802428      h
  345.37012749844592    313.80603190085702    346.22995288890894      h
  350.89946616326932    315.58048473963663    346.08255425054386      h
  348.95682769866289    315.84504639824064    348.78675234670317      h
  345.50051860161500    319.04624246734892    347.16158787242153      c
  344.04353975316019    317.58359444049540    346.89135703541888      h
  345.89547136338814    319.19742055797980    349.20438182207090      h
  344.67659800767694    320.84526174585602    346.54364742696794      h
  350.04908940347076    320.31235897638231    346.38868988407125      c
  350.55931545934993    320.11960691082800    348.39935848946163      h
  351.76307100599809    319.94008292820382    345.26430283500429      h
  349.48973046813666    322.28334333298199    346.06932616761361      h
  347.34678103344430    320.42196309208970    339.36646757426826      h
  346.20349672304849    323.26978037434833    344.27786579363800      h
  346.56065496216388    325.08769691418433    337.90570927354764      c
  346.14869466519485    323.20363995969734    337.13659073746317      h
  345.37390695071173    326.45396890826066    336.89470579245381      h
  348.54864685395955    325.52422365088091    337.45784418005371      h
  345.46461380509021    327.41017033150081    344.00385550436960      h
  345.44760626989427    329.88004238718230    338.67671753576496      h
  345.35689941551573    332.10613977172159    344.05487810995754      h
  344.92037267881915    334.54577620927694    337.91137845194629      c
  346.62679537681487    333.75776041186361    337.01375853882564      h
  343.31221573973346    333.36847682848924    337.31233526782154      h
  344.62179594982325    336.45250987735858    337.18194416465246      h
  345.57988709919624    336.55644481466732    344.18715893925952      h
  345.01107953319769    339.54599155689237    339.14725934285349      h
  344.06621646675484    344.90525486975605    343.15536847070399      h
  343.16292737523548    343.60890274259651    340.20172652500366      h
  348.65825096966699    344.91281377428760    341.49996837829616      h
  346.42648440672900    347.08788855323894    340.27920529645201      h
  345.80287478287676    343.53898287567978    336.67927701330490      h
  348.92092290213805    342.68860611588116    337.59201473548859      h
  350.07365584319831    347.44315706622149    337.11013457160277      h
  346.91025429674772    347.96283175276500    336.11613862570493      h
  349.53319416919300    342.25207937918464    348.51463178356761      o
  348.10267148659858    341.49807865216326    347.63968858404155      h
  348.18770916257841    342.52797939458594    351.22260933199277      h
  339.94519327212913    339.17759861096687    354.44842968177386      h
  337.58313437014266    340.65793566731452    343.85278501442684      h
  355.41838963424766    339.81209254304298    343.14196632883358      h
  349.02866886482855    346.24661883939166    334.12875719436306      h
$user-defined bonds
$end
