$coord
  109.19026568426536    115.08999067113433    115.23927903563229      c
  108.99940334484390    116.39768115509119    113.62545291814796      h
  108.55153825135000    116.17280374527780    116.89467912804011      h
  111.92847885081665    114.27551870786063    115.68336467686042      c
  112.89223917858833    115.83454276749127    116.67358117049250      h
  111.98706036093611    112.68247957783802    116.99294488695017      h
  113.86922758929020    113.73505703385533    113.62734264428084      c
  115.81186605389664    112.61255971092125    114.17158377055190      o
  113.66702689307144    114.68747900482968    111.30864867923016      o
  112.01351652679651    115.41691329212355    110.82676851534431      h
  107.32888544337300    115.22794067883498    104.97428668179748      c
  108.13390877598228    113.31553783235471    104.93082298074111      h
  108.24162316555676    116.29752567004826    103.43604960962857      h
  108.18493138157019    116.40524005962273    107.41392311935284      c
  110.21638697442225    115.68714412912620    108.27752796208159      o
  106.95282994292876    118.21181824266141    108.58933277400772      o
  105.36734971743770    118.82408950971636    107.75596354940515      h
  122.61110068001918    114.28874679079081    105.82655316772890      c
  123.55029456806335    112.70704601756555    106.78464431710194      h
  123.21770276867547    116.06886880796910    106.69393746272343      h
  119.79351901588670    113.85410978022712    106.08922510020001      c
  118.66535251455397    111.94548638601262    105.49396136834105      o
  118.57464566017546    115.85721948108589    107.13424365168576      o
  116.80586199979450    115.36022150813697    107.33266489563877      h
  116.20681881566975    121.06719442945163     96.74641909921338      c
  115.26573520149270    118.76928745186268     98.25253082712325      c
  114.60622078111561    119.64801010365450    100.94917001875106      c
  112.44248435896155    118.22882577785738    102.22095570618310      c
  112.98861521136548    115.64934960646848    103.13936260676553      n
  112.87901109565813    115.40179548306045    105.04609627484714      h
  112.90924671378430    113.55364332509831    101.73151663776572      c
  112.99995356816281    111.11967606594159    102.71606395299914      c
  112.86767273886080    108.84633552808016    101.32900497146107      c
  113.06609398281381    106.52764156302948    102.61968792022198      c
  113.19270563371715    104.19005033664993    101.41971182583958      c
  113.50073099337750    101.87702554999791    102.66882079967699      c
  113.98072143113046     99.57722884627609    101.45372689623153      c
  114.37189474063780     97.40782324572336    103.01275095586219      c
  114.87645161811825     95.00220187855994    102.15292556539922      c
  115.27329410602424     92.71185380550254    103.58155852186077      c
  115.71737974725237     92.78555312468508    106.46906005291002      c
  116.59988185130996     90.16828243063847    107.41770257161862      c
  114.99550436449005     88.00832546075019    106.40480936439192      c
  115.27518383215713     87.91572888023879    103.54565372533592      c
  115.19959478684170     90.45552080283709    102.26063995497370      c
  114.94448175890214     90.21552558396061     99.43738911244255      c
  115.96115441839461     88.51855151662930     98.79488222726143      h
  112.94326178417624     89.89238241523717     98.94228086562650      h
  115.61344480994366     91.83124142757784     98.32623014630579      h
  117.09310037199312     87.01621924098521    103.01464068199506      h
  113.82954334049960     86.69307607226176    102.66882079967699      h
  115.56053247822285     86.19229864704707    107.24195804126026      h
  112.99428438976415     88.26343848868974    106.91314569413815      h
  118.57464566017546     89.89616186750293    106.80543130456367      h
  116.63011746943614     90.18717969196733    109.49829104392572      h
  113.27963303582989     93.51309768584605    107.90147246163734      c
  111.78863911698311     92.08824418165028    107.63502107690047      h
  113.68214470213452     93.65104769354670    109.94048695902094      h
  112.49350696454947     95.33479367794781    107.29109092071529      h
  117.87166753874200     94.64504363944457    107.13802310395154      c
  118.39323195141844     94.39937924216943    109.13735335254455      h
  119.56675187994041     94.24820115153858    105.99662851968861      h
  117.36900038739442     96.64059443577180    106.87535117148043      h
  114.90290778397866     94.76598611194925    100.10824188961695      h
  114.23394473293715     97.75742258030722    105.03475791804982      h
  114.19992966254520     99.46384527830294     98.61535824463729      c
  114.38512282356798     97.53443489662671     97.89159313574208      h
  112.55019874853602    100.33878847782900     97.70451024858642      h
  115.88367564694630    100.52965081725046     98.01064588211389      h
  113.47238510138422    101.88269472839657    104.73807091518677      h
  113.11900631453460    104.15603526625799     99.35802061486136      h
  113.22861043024197    106.57677444248452    104.67948940506732      h
  112.53319121334005    108.83877662354863     98.50575412892994      c
  114.23394473293715    108.10367315785611     97.55900133635421      h
  110.94582126171612    107.61801354170450     97.95017464586154      h
  112.15713571289581    110.72850275643427     97.76498148483876      h
  113.26640495289969    110.95715961851343    104.75885790264851      h
  112.75617889702056    113.88434539835329     99.70006104491365      h
  111.80942610444485    119.28896213840623    103.89525305991978      h
  110.82676851534431    118.13244974508021    100.90003713929603      h
  116.29563594391537    119.60643612873102    102.17371255286096      h
  113.97694197886469    121.63411226931731    100.84523508144235      h
  113.53663578990233    118.02662508163863     97.33790337880660      h
  116.64901473076499    117.20837366609913     98.33756850310310      h
  117.80174767182523    121.93457872444614     97.78198902003473      h
  114.65157420830487    122.44480478032526     96.74263964694762      h
  120.01839642570009    113.21160289504600    111.49573156638583      o
  119.57431078447198    114.67992010029815    110.49606644208933      h
  118.42157784341171    112.77318643221653    112.36878503977901      h
  107.72698637658344    113.64904147856066    115.08034115750885      h
  105.32205082802865    115.14208679154753    104.51818790558286      h
  123.12877809003425    114.19917410915971    103.83487824675494      h
  116.77580440496989    120.71909268071516     94.79760850588562      h
$user-defined bonds
$end
