$coord
  341.12013342558612    337.70917775572752    349.22327908339975      c
  340.92549163389890    339.19261277004273    347.78330777014088      h
  340.48140599267077    338.53498807579859    351.02040863577400      h
  343.87535412733342    336.86447017432766    349.48028183747221      c
  344.90336514362315    338.03610037671677    350.85033328381434      h
  343.97928906464210    334.94450842331582    350.23050311222784      h
  345.46083435282446    336.97596401616789    347.11434471909939      c
  347.76441050881203    337.02320716949004    347.04631457831550      o
  344.03598084862870    337.07234004894508    345.04320487745673      o
  344.96761583214129    337.66193460240538    343.57299794607172      h
  339.32678332547761    337.74886200451817    338.72396068908711      c
  339.86724499948292    335.83834888417073    339.34190113454076      h
  340.39447859055804    338.10979969589926    336.97974346843370      h
  340.40581694735533    339.57811690115142    340.63258408330159      c
  342.65459104548927    339.37024702653400    341.13525123464916      o
  339.10190591566425    341.40737179778472    341.70972797904642      o
  337.34635033821348    341.68516153931893    341.08989780745998      h
  354.72805130849565    336.89092634018806    339.51764566489908      c
  356.34754660437864    337.61847090134904    340.59667928677680      h
  353.14635053527036    338.21751408547379    339.83322992909098      h
  353.90791016682329    334.39648784477902    340.61746627423855      c
  353.91735879748768    333.93161521608914    342.86435064623959      o
  352.96493682651334    332.56534322201281    339.09434701113270      o
  353.04052587182878    332.86580967714167    337.26509211449945      h
  348.23495231590056    343.73173494123409    330.40916570439032      c
  347.29008924945771    341.44327659430957    331.89638017097133      c
  346.43215358512771    342.36168349489196    334.50798168661925      c
  344.23062264031586    340.87446902831101    335.59268448689562      c
  344.85045281190236    338.32333874891532    336.52242974427537      n
  344.70494389967018    338.17027093215165    338.44428122142006      h
  344.85045281190236    336.20306602781767    335.18261391605944      c
  344.89013706069301    333.79366520838846    336.25597835953846      c
  344.84856308576946    331.48630960013509    334.93505979265143      c
  344.92415213108495    329.18462317028042    336.27865507313311      c
  345.13580145796811    326.84514221776800    335.10135569234535      c
  345.37390695071173    324.51888934818578    336.34857494004984      c
  345.91247889858414    322.23798990579274    335.12403240594000      c
  346.24507069797198    320.04968704391121    336.66604893037464      c
  346.79498100264169    317.65540403354510    335.80055436151304      c
  347.16347759855444    315.36505596048767    337.22918731797461      c
  347.51874611153693    315.43497582740446    340.12991693195403      c
  348.41636602465758    312.83093321628803    341.09556698585862      c
  346.87434950022288    310.65018925893804    340.03165117304400      c
  347.24095637000272    310.57271048748970    337.17816471238666      c
  347.16914677695308    313.11439213622089    335.89882012042307      c
  347.01229950792356    312.87817636961023    333.06801037336044      c
  348.08566395140264    311.20954819427214    332.44629047564104      h
  345.03753569905808    312.50967977369748    332.50676171189338      h
  347.67748310669930    314.51278947455626    331.98141784695116      h
  349.08721880183202    309.69776728796364    336.70573317916524      h
  345.84444875780025    309.32738096591805    336.25408863340556      h
  347.43748788782284    308.83605217136778    340.87824848057676      h
  344.85423226416816    310.87884612101715    340.48329571880362      h
  350.41380654711776    312.59471744967738    340.53242859825866      h
  348.38990985879724    312.84227157308538    343.17615545816568      h
  345.02619734226079    316.11905668750904    341.49051974763171      c
  343.56732876767302    314.66774701745288    341.18627384023711      h
  345.36823777231302    316.26456559974127    343.54087260181262      h
  344.22684318805011    317.92563487054775    340.85746149311501      h
  349.62390102357153    317.33037113868875    340.86124094538081      c
  350.10200173519155    317.08281701528074    342.87190955077114      h
  351.35111070902900    316.96376426890890    339.75764088377559      h
  349.09666743249642    319.31647330435158    340.59101010837816      h
  346.89891593995043    317.43619580213033    333.75587068573077      h
  346.01830356202566    320.37471993876750    338.68427644029651      h
  346.24885015023779    322.15862140821162    332.29511238501016      c
  346.42270495446320    320.23299047880113    331.55622946705188      h
  344.65581102021514    323.07513858266111    331.32190342657407      h
  347.97983928796100    323.19041187676714    331.76787879393504      h
  345.24162612140969    324.49621263459113    338.41215587716101      h
  345.20761105101775    326.81490659964180    333.03966448136708      h
  344.91659322655335    329.25454303719721    338.34223601024422      h
  344.74084869619503    331.42205891161700    332.09291168879139      c
  346.51719126110754    330.68317599365872    331.30489589137807      h
  343.21017052855763    330.18239856844400    331.43528699454720      h
  344.41203634907288    333.29477750930670    331.29355753458077      h
  344.92982130948354    333.70295835400998    338.32144902278253      h
  344.79187130178292    336.45250987735858    333.13981996641002      h
  343.45961437809854    341.88169305713905    337.23107704410751      h
  342.71695200787451    340.72707038994594    334.16594125656695      h
  348.02519271515024    342.36924239942357    335.85535641936673      h
  345.77263916475056    344.32888839922595    334.33790633465958      h
  345.65169669224588    340.61746627423855    330.89482532054194      h
  348.71683247978638    339.93149568800101    332.09858086719009      h
  349.82043254139160    344.61045759302596    331.44851507747740      h
  346.67403853013701    345.10367611370907    330.38459926466277      h
  352.44715186610267    335.05222281289031    347.70960845095834      o
  352.34510665492684    334.93694951878433    345.88224328045794      h
  350.82765657021969    335.80811326604459    348.14991463992072      h
  339.70524970251574    336.25730360852458    348.85865918837885      h
  337.32817136706439    337.73007048845511    338.22598551341798      h
  355.17580499214074    336.80987893751046    337.50873299525097      h
  348.79592454930344    343.34412849855619    328.46549557910754      h
$user-defined bonds
$end
