$coord
  227.77435997510523    224.35395567458221    235.55058301192966      c
  227.44365790185026    225.71833794252564    234.01612539202651      h
  227.27358254989053    225.31582627622100    237.31558722004485      h
  230.55603684271290    223.60940357822525    235.64506931857392      c
  231.69365197471006    225.29881874102503    236.12317003019399      h
  230.88862864210077    222.25446994094625    237.17007830781264      h
  231.77302047229125    222.61351790619455    233.26590411727091      c
  231.07949098152221    222.86863093413410    231.08327043378802      o
  233.91785963311648    221.30960687450343    233.77801989928292      o
  234.37328363114190    220.37986161712374    232.24734173164558      h
  225.89219274675114    224.55048719240233    225.53881395990152      c
  226.51769209673628    222.72501174803480    226.31171194825174      h
  227.06193322300737    224.99646255976336    223.88341386749372      h
  226.20021810641151    226.74445923268257    227.39074557012944      c
  225.08338996187607    228.72300249381382    227.24523665789727      o
  228.00301683718439    226.47233866954701    229.18409567023792      o
  228.63229563943531    224.75079816248822    229.37117855739362      h
  241.46731553399459    223.79270701311520    226.14541604855782      c
  243.19452521945212    224.44466252896075    227.09027911500064      h
  240.04435175593170    225.31204682395526    226.35706537544101      h
  240.30702368840284    221.54393291498127    227.39452502239521      c
  238.70264620158292    220.20600681289824    226.47800784794566      o
  241.01000180983630    221.16598768840416    229.85305872127944      o
  242.23643407007907    222.44155282810195    230.38407176462030      h
  234.83437680756600    230.35005669422839    217.04071554031478      c
  233.86305757526279    228.10317232222732    218.59407042154677      c
  233.13929246636758    229.09338881585941    221.23401782918802      c
  230.98311494874505    227.70066065592269    222.53792886087913      c
  231.57081977607251    225.12874338906533    223.47334329665753      n
  231.66341635658389    224.92465296671369    225.38196669087202      h
  231.53869443181344    223.02736792929650    222.08439458898658      c
  231.52168689661747    220.58962121787403    223.07650080875152      c
  231.58026840673691    218.32383958454412    221.67243429201750      c
  231.49712045688995    215.97868945363305    222.93477134878509      c
  231.79947663815165    213.65621603631661    221.73290552826984      c
  231.91474993225768    211.30350700087396    222.95177888398106      c
  232.49111640278781    209.03016646301256    221.72534662373829      c
  232.76323696592334    206.81918688753635    223.25035561297699      c
  233.35472124551654    204.43435250783466    222.38108159184961      c
  233.70810003236616    202.12699689958129    223.79270701311520      c
  234.01990484429228    202.16290169610613    226.70099553162621      c
  234.90996585288141    199.54941045432525    227.65341750260055      c
  233.38117741137694    197.38189457990543    226.54603798872955      c
  233.79124798221312    197.33276170045042    223.70011043260379      c
  233.75156373342253    199.88578170597893    222.44155282810195      c
  233.66463633130979    199.67035292682996    219.60885335490639      c
  234.79658228490828    198.03196036961810    219.00414099238296      h
  231.71632868830469    199.25083372532933    219.00036154011721      h
  234.31092266875669    201.33142219763644    218.55060672049041      h
  235.63373096177662    196.44459041799414    223.24468643457834      h
  232.39285064387775    196.11388834473917    222.74390900936365      h
  233.92919798991380    195.55641913553791    227.38129693946502      h
  231.35539099692352    197.61055144198460    226.97122636862883      h
  236.91307555374021    199.31319468771454    227.11862500699394      h
  234.85327406889485    199.54185154979373    229.73211624877476      h
  231.51412799208592    202.83186474714765    228.04270108597498      c
  230.05147996523243    201.39567288615453    227.68554284685962      h
  231.82971225627784    202.93013050605768    230.09872311855460      h
  230.73745055146992    204.65734019151515    227.43609899731871      h
  236.10805222113092    204.05451755512465    227.48145242450795      c
  236.54646868396040    203.79751480105219    229.49967993442982      h
  237.85793862018303    203.69924904214216    226.40808798102893      h
  235.57514945165718    206.04061972078745    227.20933186137242      h
  233.51345824067891    204.23593126388167    220.33828764220024      h
  232.46843968919316    207.11776361653227    225.26291394450021      h
  232.91630478268709    208.98292330969039    218.90776495960580      c
  233.19409452422124    207.07052046321013    218.16321286324887      h
  231.31003756973428    209.83518979562183    217.90243065691064      h
  234.60949939775261    210.09786172809294    218.42588479571995      h
  231.64829854752080    211.24870494302027    225.00213173816201      h
  232.05269993995833    213.67133384537968    219.68633212635470      h
  231.26657386867791    215.99002781043035    224.98512420296603      h
  231.82782253014494    218.38242109466358    218.84162454495481      c
  233.80447606514332    218.01959367714954    218.29738341868375      h
  230.64674369709141    216.94244978140475    217.92888682277103      h
  231.28169167774098    220.21923489582844    218.06683683047169      h
  231.42720058997318    220.44222257950895    225.13441256746398      h
  231.47444374329532    223.35240082415282    220.04915954386871      h
  230.34438751582971    228.76646619487022    224.20466731008426      h
  229.35228129606475    227.56271064822207    221.24535618598534      h
  234.81547954623716    229.14252169531446    222.47556789849389      h
  232.47977804599049    231.05870399406049    221.03370685910213      h
  232.15852460339991    227.32460515547845    217.66243543803415      h
  235.24633710453506    226.54981744099535    218.76036632124072      h
  236.42930566372149    231.22877934602019    218.06683683047169      h
  233.28480137859978    231.73522594963356    217.00481074378996      h
  239.06169416683119    221.73479525440274    234.53957953083585      o
  238.78579415142988    221.38519591981887    232.76134723979044      h
  237.40629407442336    222.22801377508588    235.15185079789077      h
  226.33759460806704    222.88690102849554    235.38860121527918      h
  223.93876216537100    224.40083997960167    224.90281330549868      h
  241.82722641858786    223.51218823541748    224.13679574409971      h
  235.40405717955980    229.96373781788861    215.09932321610009      h
$user-defined bonds
$end
