$coord
  100.53343026951623    116.76239829873812    121.83253351327031      c
  100.50319465139005    117.99638946351246    120.15634643340074      h
   99.74919392436867    117.86032918194468    123.41612401262847      h
  103.20550302141652    115.93469825253422    122.45614313712257      c
  104.12202019586606    117.19703530930182    123.81674595280023      h
  103.23762836567558    114.09599472523649    123.41612401262847      h
  105.05365517937868    115.66446741553156    120.30185534563294      c
  104.52264213603782    115.11266738472895    118.12300111441580      o
  107.39502585802400    115.97627222745770    121.16168073609590      o
   98.78543359659700    116.91546611550186    111.66769664447843      c
   99.49408089642911    115.02951943488199    112.17981242649044      h
   99.96651242965052    117.62411341533398    110.11245203711354      h
   99.02542881547348    118.79196416545732    113.83710224503115      c
   97.66104654753005    120.60610125302753    114.12623034336265      o
  100.96617755394703    118.47071072286674    115.46037699317991      o
  114.24717281586733    116.20114963727109    112.24406311500854      c
  115.94792633546442    116.86255378378107    113.23616933477351      h
  112.83932684686754    117.73938670944000    112.42736654989847      h
  113.07176316121246    114.03363376285125    113.68403442826741      c
  112.17036379582601    112.14012817769984    112.58043436666220      o
  113.01318165109301    114.42858652462435    116.07075853410197      o
  111.06487400808791    113.12845494519904    117.80363739795811      h
  107.68604368248837    122.67724109467019    103.19416466461919      c
  106.75818815124153    120.36043685575240    104.68515858346598      c
  106.10623263539598    121.17490881902611    107.39313613189110      c
  104.23729348997207    119.44014022903708    108.76507730436607      c
  105.28987094598938    117.00617296988038    109.50207049619148      n
  101.91482007265562    116.91546611550186    115.20904341750612      h
  104.48295788724721    115.05408587460950    108.30398412794199      c
  105.21806135293973    112.50673504747967    109.01263142777410      c
  104.51130377924051    110.32599109012962    107.82399369018903      c
  105.07633189297330    107.89958273550445    108.95593964378753      c
  104.76074762878140    105.63002164990880    107.79186834592997      c
  105.18026683028202    103.24518727020711    109.01263142777410      c
  105.51852780806855    100.98129536301012    107.80320670272728      c
  105.93048810503761     98.75141852620506    109.34333350102909      c
  106.43315525638521     96.37603277716781    108.50051564576209      c
  106.81487993522811     94.05922853825001    109.95938422034982      c
  107.24384776739313     94.20284772434933    112.84688575139907      c
  108.14713685891248     91.62148182682753    113.86544813702444      c
  106.59189225154759     89.41428170361711    112.88090082179102      c
  106.91314569413815     89.26310361298624    110.02741436113368      c
  106.77708541257039     91.79533663105300    108.71027524651240      c
  106.49362649263753     91.51187771112016    105.88135522558260      c
  107.50462997373137     89.80734473925732    105.24262779266725      h
  104.49051679177875     91.21897016052289    105.37490862196924      h
  107.18337653114081     93.11814492407296    104.76263735491429      h
  108.75373894756876     88.36926315213134    109.55498282791227      h
  105.48640246380948     87.99509737781997    109.18459650586669      h
  107.16447926981195     87.62660078190727    113.78041046104458      h
  104.57744419389151     89.66750500542378    113.35144262887954      h
  110.13134929844242     91.37014825115374    113.27018440516545      h
  108.15658548957691     91.68762224147852    115.94414688319864      h
  104.78909352077468     94.93795119004183    114.25095226813310      c
  103.32077631552254     93.48286206771989    114.00906732312374      h
  105.17459765188336     95.13070325559617    116.29185649164960      h
  103.98407018816542     96.72941156401741    113.58576866935736      h
  109.37545884528814     96.09257385723497    113.50828989790905      c
  109.88946435343304     95.87714507808599    115.51706877716649      h
  111.07810209101811     95.69573136932898    112.37445421817766      h
  108.86334306327613     98.07678629676488    113.20782344278022      h
  106.50118539716908     96.13792728442422    106.45583196997983      h
  105.78308946667254     99.11613566985200    111.36534046321673      h
  105.64324973283901    100.85657343823966    104.95160996820285      c
  105.57899904432088     98.91393497363323    104.23540376383919      h
  104.08989485160700    101.91859952492139    104.06532841187949      h
  107.42337175001727    101.71828855483551    104.29776472622443      h
  105.30498875505248    103.27164343606752    111.07999181715100      h
  104.19194006278283    105.59033740111819    105.80765590640006      h
  105.78686891893831    107.91470054456755    110.89668838226109      h
  103.14314205903131    110.29197601973767    105.32955519477999      c
  104.34500787954656    109.41703282021163    103.87068662019227      h
  101.40459401677650    109.15436088774052    105.41270314462695      h
  102.66315162127833    112.20059941395219    104.71161474932639      h
  106.42937580411943    112.39335147950652    110.68503905537790      h
  103.08456054891184    115.26573520149270    106.76007787737441      h
  103.63447085358156    120.39067247387855    110.52441233408263      h
  102.54031942264078    119.22093199762234    107.54242449638907      h
  107.85611903444810    121.34498417098580    108.51941290709095      h
  105.23128943586993    123.06841440417752    107.32510599110722      h
  105.03853737031559    119.60076695033236    103.76864140901644      h
  108.14713685891248    118.80708197452039    104.74751954585120      h
  109.28286226477675    123.54651511579759    104.22784485930765      h
  106.12135044445907    124.05674117167671    103.19983384301786      h
  109.86867736597129    112.54830902240315    119.18691692723040      o
  108.60634030920369    111.55998225490394    118.27606893117952      h
  108.56098688201443    114.82731873866324    120.10343410167994      h
   99.15523574497820    115.25637123859076    121.55822619727529      h
   96.83025634762636    116.77514872322638    111.03494463025503      h
  114.66734850116895    115.89761578258948    110.25054819168479      h
  108.26103822789328    122.33002216628560    101.24696091423836      h
$user-defined bonds
$end
