$coord
  109.33010541809888    114.95393038956657    115.29597081961887      c
  108.69137798518355    116.70948596701733    114.38134337130221      h
  109.38112802368680    115.32242698547927    117.33876476926825      h
  112.03619324039113    114.34543857477739    114.37945364516933      c
  113.34577345048088    115.63801124967117    115.35644205587120      h
  112.66358231650916    112.43870490669578    114.92747422370617      h
  112.60689053252260    114.58921324591964    111.55242335037241      c
  110.99873359343691    114.64401530377332    109.88379517503439      o
  115.00306326902160    114.72149407522163    110.87968084706512      o
  116.26540032578920    114.24906254200022    112.25351174567298      h
  107.28542174231663    115.43392082731953    105.18593600868067      c
  107.94682588882660    113.72749812932379    106.16103469324966      h
  108.42681632657956    115.79863797096644    103.50219002427957      h
  107.27975256391797    117.83387301608428    106.80165185229791      c
  107.19849434020388    119.92768957132158    105.87190659491816      o
  107.15881009141329    117.53907573935412    109.30175952610561      o
  107.79564779819574    115.86099893335167    109.75529379799816      h
  122.71881506959367    114.58921324591964    105.84356070292488      c
  124.42712749372228    115.25061739242960    106.82054911362675      h
  121.36199170618177    116.17658319754358    105.99473879355574      h
  121.49616226161667    112.50862477361254    107.40636421482131      c
  120.57019645650269    110.57165548740475    106.41614772118923      o
  121.42624239469990    113.02074055562456    109.78363968999145      o
  116.20870854180262    121.10309922597644     96.75208827761205      c
  115.25628657082827    118.84865594944388     98.31489178950848      c
  114.59488242431829    119.81997518174710    100.98129536301012      c
  112.52752203494140    118.36677578555803    102.37780297521262      c
  113.24183851317217    115.84966057655436    103.35857083818026      n
  113.60844538295198    115.70415166432217    105.24640724493302      h
  113.14735220652788    113.73883648612110    102.02442418836299      c
  113.45537756618825    111.29920004856572    103.00141259906488      c
  113.29286111876009    109.06743348562779    101.59356663006507      c
  113.45348784005536    106.69393746272343    102.84645505616825      c
  113.52907688537078    104.40358938966601    101.60112553459660      c
  113.71615977252647    102.01875500996434    102.79354272444745      c
  114.13378924789420     99.76053228116599    101.52742621541407      c
  114.41724816782704     97.50986845689920    103.03164821719103      c
  114.93503312823771     95.13637243399482    102.13969748246902      c
  115.27518383215713     92.80067093374817    103.54565372533592      c
  115.67580577232889     92.84602436093742    106.44260388704963      c
  116.57720513771532     90.23253311915659    107.37423887056225      c
  115.00495299515447     88.06312751860386    106.33111004520937      c
  115.29786054575175     88.00454600848441    103.47195440615340      c
  115.21282286977190     90.56512491854444    102.21717625391733      c
  114.96148929409812     90.34024750873105     99.38825623298753      c
  116.06697908183621     88.70563440378498     98.72307263421177      h
  112.98105630683395     89.91694885496467     98.89125826003860      h
  115.54352494302688     91.99753732727177     98.29221507591386      h
  117.11766681172062     87.10692609536372    102.94472081507830      h
  113.85222005409423     86.78756237890606    102.58378312369713      h
  115.58887837021615     86.24143152650210    107.15125118688174      h
  112.99806384202992     88.28989465455014    106.83566692268984      h
  118.55952785111236     89.98686872188145    106.76952650803885      h
  116.59043322064554     90.23064339302368    109.45482734286934      h
  113.19837481211580     93.52821549490915    107.83722177311923      c
  111.72816788073078     92.09391336004894    107.50840942599713      h
  113.55364332509831     93.63026070608495    109.88757462730015      h
  112.41602819310114     95.35180121314379    107.23628886286160      h
  117.79229904116080     94.72252241089286    107.18337653114081      c
  118.28929701410972     94.44284294322578    109.18648623199960      h
  119.51006009595385     94.37670252857480    106.05898948207384      h
  117.26695517621859     96.71429375495434    106.95471966906163      h
  115.05975505300816     94.94551009457338    100.09312408055386      h
  114.19992966254520     97.81222463816088    105.05554490551157      h
  114.41724816782704     99.70950967557809     98.68905756381983      c
  114.43803515528879     97.78954792456626     97.91804930160249      h
  112.87712136952524    100.75074877479807     97.75931230644009      h
  116.20681881566975    100.63169602842628     98.15615479434608      h
  113.63490154881239    101.97340158277508    104.86090311382435      h
  113.50640017177616    104.41681747259622     99.53943432361837      h
  113.58576866935736    106.69771691498920    104.90625654101360      h
  113.00184329429570    109.10522800828549     98.76653633526814      c
  114.81787010799880    108.60256085693791     97.88214450507766      h
  111.58643842076435    107.72950738354476     98.12402945008702      h
  112.43492545443000    110.96471852304497     98.06544793996757      h
  113.82009470983519    111.14424250566910    105.02341956125251      h
  112.72783300502728    114.02418513218683    100.02509393976997      h
  111.84533090096969    119.45147858583439    104.01052635402580      h
  110.88723975159667    118.11922166215001    101.11924537071077      h
  116.31831265750999    119.92768957132158    102.15481529153210      h
  113.86922758929020    121.76639309861932    100.79988165425310      h
  113.52718715923791    118.07953741335942     97.42294105478646      h
  116.64334555236633    117.29530106821187     98.45095207107624      h
  117.81119630248966    121.97804242550251     97.76876093710453      h
  114.65724338670351    122.48826848138162     96.73508074241607      h
  118.51417442392312    113.17380837238829    113.77663100877881      o
  119.47604502556190    112.71082546983131    112.19493023555353      h
  119.44202995516997    114.64968448217198    114.36433583610624      h
  107.77772301904930    113.61454321866941    115.09865622175987      h
  105.32854120204318    115.20409032258949    104.58545399632250      h
  123.15848395858461    114.29217503817874    103.85327385722482      h
  116.77403725826460    120.72992657570106     94.80685621628851      h
$user-defined bonds
$end
