$coord
  114.67425092189949    110.76818700522486    121.98371160390116      c
  114.08843582070493    112.41035901470249    120.84987592416978      h
  114.69881736162699    111.35022265415364    123.97737267409551      h
  117.42758189751387    110.01418627820350    121.22404169848113      c
  118.68424977588282    111.36911991548250    122.19725065691723      h
  117.94536685792454    108.18871083383596    122.05363147081792      h
  118.52551278072042    109.94048695902094    118.46504154446809      c
  117.22727092742799    110.24473286641553    116.52807225826031      o
  120.94436223081406    109.51718830525456    118.43858537860768      o
  112.54263984400448    111.14424250566910    112.12690009476964      c
  113.09255014867421    109.43781980767336    113.16435974172386      h
  113.73505703385533    111.38045827227981    110.44693356263430      h
  112.75239944475479    113.43081112646074    113.85033032796134      c
  112.77129670608365    113.41191386513188    116.10477360449391      o
  112.75995834928634    115.72493865178390    112.59555217572527      o
  112.96971795003664    115.47360507611012    110.78708426655372      h
  128.04973249046407    110.41669794450813    112.85633438206349      c
  129.83363395990813    109.97639175554579    113.82765361436672      h
  127.64722082415943    112.42925627603134    113.20026453824869      h
  125.98993100561873    109.00696224937543    114.30575432598678      c
  126.48503925243477    107.01519090531399    115.44336945798395      o
  123.83186376186330    110.21449724828938    114.50795502220555      o
  122.59031369255744    109.69293283561292    116.01217702398252      h
  121.46970609575625    116.90601748483743    103.70439072049832      c
  120.54374029064230    114.62889749471023    105.27097368466053      c
  120.19603068219133    115.49250233743898    108.04131219547088      c
  118.06252987816345    114.25284199426599    109.56065200631093      c
  118.47637990126540    111.67714527514286    110.56409658287322      n
  118.44992373540499    111.43337060400061    112.49917614294810      h
  118.44992373540499    109.62490269482906    109.13546362641168      c
  118.35354770262784    107.14936146074886    110.06520888379140      c
  118.35732715489361    104.95349969433575    108.58177386947618      c
  118.26095112211645    102.55354750557098    109.77797051159278      c
  118.49716688872715    100.27264806317800    108.51752318095807      c
  118.63700662256069     97.88592395734344    109.70238146627736      c
  119.16424021363578     95.63526013307663    108.44382386177553      c
  119.50439091755518     93.39782439174003    109.94426641128672      c
  120.03540396089606     91.02621809496854    109.03341841523584      c
  120.39823137841010     88.67917823792457    110.40724931384371      c
  120.79507386631609     88.68484741632324    113.30419947555740      c
  121.63411226931731     86.04112055641622    114.21882692387405      c
  120.04485259156048     83.91328893078699    113.11522686226883      c
  120.41523891360606     83.88683276492658    110.26363012774439      c
  120.36988548641682     86.46252948404971    109.04097731976738      c
  120.20358958672288     86.26788769236251    106.20638812043892      c
  121.37899924137774     84.67673828847279    105.55821205685915      h
  118.25528194371779     85.77844862394512    105.64891891123764      h
  120.76105879592416     87.95541312902937    105.14436203375719      h
  122.24638353637226     82.98921285180590    109.78174996385856      h
  118.99227513554320     82.68496694441133    109.31876706130157      h
  120.56830673036981     82.07269567735636    113.92591937327677      h
  118.02851480777150     84.17974031552386    113.56687140802850      h
  123.62210416111303     85.76522054101491    113.64623990560970      h
  121.60765610345692     86.01277466442293    116.29941539618115      h
  118.34031961969764     89.40861252521844    114.71393517069009      c
  116.86444350991395     87.96486175969380    114.45126323821898      h
  118.72204429854054     89.57112897264660    116.75672912033946      h
  117.54096546548702     91.21330098212422    114.07898719004052      h
  122.96258974073592     90.50465368229212    114.03552348898414      c
  123.47848497501370     90.19662832263175    116.02918455917849      h
  124.65767408193433     90.12103927731633    112.88657000018968      h
  122.47881985071720     92.51154283541666    113.82198443596806      h
  120.12611081527457     90.84858383847731    106.98306556105491      h
  119.31730803039952     93.69073194233731    111.97194255187301      h
  119.49305256075787     95.60313478881758    105.61112438857995      c
  119.54785461861157     93.68695249007153    104.82877776956529      h
  117.95859494085474     96.63492525737314    104.66248186987134      h
  121.28451293473347     96.54043895072887    105.10278805883371      h
  118.45748263993656     97.82167326882532    111.76218295112272      h
  118.69369840654726    100.31611176423438    106.46339087451138      h
  118.08142713949231    102.52142216131192    111.83399254417236      h
  118.54441004204929    105.07633189297330    105.74340521788194      c
  120.46059234079533    104.56421611096130    105.11223668949813      h
  117.22160174902933    103.74974414768759    104.84578530476126      h
  118.11733193601714    106.96794775199183    105.02530928738540      h
  118.21370796879430    106.96416829972607    112.11178228570655      h
  118.45937236606943    109.98961983847597    107.10400803355961      h
  117.61655451080244    115.41880301825643    111.21416237258588      h
  116.34854827563618    114.20370911481096    108.36445536419433      h
  121.99316023456558    115.32242698547927    109.08066156855799      h
  119.70470188764106    117.51828875189238    108.00918685121182      h
  118.70692648947745    113.98450088339622    104.50563460084184      h
  121.84954104846628    113.00184329429570    105.21239217454108      h
  123.09109111777215    117.76773260143329    104.70216611866195      h
  119.92391011905580    118.29685591864127    103.72706743409296      h
  125.45135905774630    108.59878140467215    120.60232180076176      o
  125.70458235955299    108.31721221087219    118.77495663026134      h
  123.54273566353183    108.52697181162249    120.60421152689463      h
  113.07499420049209    109.47048231670169    121.95020582246957      h
  110.58011333969301    111.01163936348590    111.51559960930506      h
  128.42094745058534    110.14020680179713    110.84921349423544      h
  122.01966774311580    116.56800579225373    101.74835584374348      h
$user-defined bonds
$end
