$coord
  341.37713617965858    340.64014298783314    354.71293349943255      c
  341.23729644582500    342.01775333870683    353.15957861820056      h
  340.71384230701574    341.60957249400349    356.43069455422562      h
  344.09834181101388    339.74441280084534    355.03040748975735      c
  345.10178638757617    341.01997794054319    356.34565687824573      h
  344.17015140406357    337.90570927354764    355.95259384260555      h
  345.83311040100290    339.67827238619435    352.70037516790933      c
  345.48162134028615    341.27887042074855    350.95048876885727      o
  347.62268104884561    338.11546887429796    352.79108202228787      o
  339.60646279314471    340.53242859825866    344.26085825844206      c
  340.20928542953527    338.54443670646299    344.33455757762459      h
  340.60990736970700    341.38847453645587    342.65081159322352      h
  340.55699503798621    341.80610401182361    346.64191318587797      c
  339.59701416248026    343.59000548126767    347.70015982029395      o
  342.75096707826646    340.69683477181974    347.27497144039467      o
  343.61835137326096    341.25052452875519    348.96627632932729      h
  355.07765064307949    339.99574637651915    345.17548570675871      c
  356.85021375572620    339.79543540643328    346.22806316277604      h
  354.29908347633057    341.88925196167054    345.55721038560159      h
  353.18792451019385    338.14948394468991    346.17893028332099      c
  353.68681220927567    336.50920166134517    347.73606461681879      o
  350.83521547475118    338.53309834966569    345.32666379738959      o
  349.69004143822252    337.42760856192757    346.26207823316798      h
  348.45982972571392    346.61734674615047    336.06133656785130      c
  347.50740775473957    344.33833702989040    337.58823528322284      c
  346.82899607303364    345.26052338273860    340.26597721352181      c
  344.69549526900573    343.85078768760587    341.59634441107329      c
  345.27375146566879    341.29587795594449    342.56577391724363      n
  345.01107953319769    341.05588273706803    344.48006648985677      h
  345.38524530750902    339.23229701883338    341.17682520957271      c
  345.38146585524322    336.77187359381622    342.18026978613500      c
  345.38335558137612    334.53821730474544    340.76297518647078      c
  345.37201722457883    332.16850073410683    342.02342251710547      c
  345.55343093333585    329.86114512585345    340.79887998299552      c
  345.71216792849827    327.49520800748064    342.01775333870683      c
  346.22995288890894    325.22375719575211    340.79510053072983      c
  346.56254468829678    323.00899816801012    342.33144787676582      c
  347.09355773163765    320.62794324057421    341.44894577270827      c
  347.46016460141743    318.28846228806179    342.83411502811339      c
  347.87968380291807    318.30735954939064    345.72728573756132      c
  348.72628111045083    315.66930186788227    346.64380291201087      c
  347.12568307589669    313.54147024225307    345.56665901626604      c
  347.47339268434763    313.49422708893093    342.71317255560871      c
  347.41292144809529    316.06425462965535    341.47729166470151      c
  347.20505157347787    315.86583338570239    338.64459219150592      c
  348.33510780094349    314.24822781595230    337.98318804499598      h
  345.23595694301105    315.42741692287291    338.11546887429796      h
  347.78897694853958    317.54013073943906    337.57122774802684      h
  349.30642703324673    312.60227635420887    342.21806430879269      h
  346.04664945401902    312.28669209001697    341.78531702436186      h
  347.64913721470600    311.70276671495532    346.38491043180551      h
  345.11690419663921    313.81548053152147    346.03342137108876      h
  350.70860382384785    315.38962240021516    346.05420835855051      h
  348.72439138431798    315.65229433268632    348.72439138431798      h
  345.44193709149562    319.04057328895027    347.16158787242153      c
  343.94338426811726    317.62516841541895    346.88190840475448      h
  345.84066930553445    319.15962603532205    349.20249209593800      h
  344.66714937701244    320.86982818558357    346.56443441442968      h
  350.05097912960366    320.13283499375819    346.43215358512771      c
  350.55742573321703    319.86449388288838    348.43337355985358      h
  351.74795319693499    319.72087469678911    345.29831790539623      h
  349.57287841798359    322.13405496848407    346.17137137878944      h
  347.18237485988328    320.43519117501990    339.40048264466020      h
  346.37168234887531    323.33025161060067    344.35534456508634      h
  346.57577277122698    325.14060924590513    337.96618050979998      c
  346.58333167575853    323.20930913809599    337.21784896117725      h
  345.07721994784868    326.19507642805530    336.98919209909809      h
  348.39557903719583    326.01933189769693    337.46351335845242      h
  345.55532065946875    327.46497238935450    344.07944454968504      h
  345.66492477517613    329.87059375651791    338.73907849815021      h
  345.28697954859894    332.18172881703703    344.08889318034949      h
  345.41170147336942    334.58168100580178    337.91515790421209      c
  347.22772828707252    333.88437206276700    337.17627498625376      h
  343.92259728065557    333.35335901942614    337.14414964199472      h
  345.10178638757617    336.48085576935188    337.16493662945646      h
  345.24729529980834    336.62069550318540    344.24007127098031      h
  345.43815763922981    339.54221210462663    339.13781071218909      h
  344.07377537128639    344.93171103561644    343.25741368187977      h
  343.05710271179390    343.70716850150660    340.31133064071111      h
  348.52597014036496    345.29075900086474    341.47918139083441      h
  346.16381247425790    347.22961801320542    340.11479912289093      h
  345.78964669994656    343.57488767220457    336.66982838264039      h
  348.89824618854340    342.78498214865840    337.70350857732888      h
  350.05475858186946    347.49040021954357    337.09312703640683      h
  346.90458511834908    347.99684682315694    336.04432903265530      h
  352.46226967516571    338.27987504785898    352.99139299237373      o
  352.71549297697243    337.99830585405903    351.16402782187333      h
  350.55364628095123    338.20806545480934    352.99328271850658      h
  339.95334625897527    339.17672997102699    354.44085490605522      h
  337.59444679447228    340.60581114462940    343.82589989268126      h
  355.44749804809425    339.78252474088794    343.16040963174970      h
  349.02900813576332    346.25463501425634    334.11524862172678      h
$user-defined bonds
$end
