$coord
  100.64681383748936    116.72460377608041    121.68891432717099      c
  100.40114944021423    118.01150727257553    120.06941903128799      h
  100.07044736695923    117.76395314916751    123.39155757290098      h
  103.40392426536951    115.92335989573691    121.94213762897766      c
  104.54720857576532    117.57120108361319    122.51850409950779      h
  103.61746331838559    114.52685228353441    123.45391853528618      h
  104.67948940506732    114.93881258050348    119.58375941513638      c
  103.98029073589963    115.13156464605781    117.42947162364675      o
  106.90180733734084    113.69915223733049    120.13744917207188      o
  107.30620872977836    112.72405355276152    118.62188881349759      h
   98.80244113179297    116.80775172592737    111.48061375732276      c
   99.47707336123314    114.86133380905517    111.80564665217908      h
   99.84556995714584    117.51639902575950    109.84033147397801      h
   99.51675761002375    118.38378332075401    113.76529265198150      c
   98.06733766610046    119.37966899278474    115.24305848789807      o
  102.00552692703414    118.60677100443452    114.09410499910359      o
  114.30386459985391    116.17847292367647    112.25729119793876      c
  116.02540510691273    116.85121542698376    113.19837481211580      h
  112.85255492979773    117.67324629478901    112.45949189415752      h
  113.19081590758427    113.91080156421370    113.51773852857347      c
  111.63746102635226    112.50295559521388    112.63145697225011      o
  113.91269129034657    113.59710702615467    115.98761058425501      o
  115.09565984953299    114.91802559304173    116.49027773560259      h
  107.70305121768435    122.70369726053059    103.17904685555612      c
  106.76007787737441    120.41523891360606    104.68893803573175      c
  106.02686413781478    121.30907937446099    107.35912106149917      c
  103.77431058741510    119.94469710651755    108.55153825135000      c
  104.28831609555999    117.45025861110850    109.67403557428408      n
  102.98818451613468    117.84710109901449    112.64846450744608      h
  104.33177979661636    115.50006124197051    108.20949782129770      c
  104.48484761338010    112.95460014097355    109.18648623199960      c
  104.38847158060294    110.75495892229466    107.81643478565749      c
  104.44705309072239    108.33421974606816    109.09199992535530      c
  104.61145926428344    106.06276893433962    107.87690602190983      c
  104.78153461624315    103.65336811491042    109.09955882988683      c
  105.32199629024845    101.41971182583958    107.88257520030848      c
  105.63380110217457     99.15770964477548    109.40380473728143      c
  106.25363127376106     96.80878006159861    108.54208962068559      c
  106.62023814354087     94.45985047842176    109.95938422034982      c
  107.00007309625089     94.52977034533853    112.85633438206349      c
  107.91847999683331     91.93517636488654    113.82954334049960      c
  106.38591210306305     89.74309405073920    112.77696588448231      c
  106.74873952057709     89.66372555315800    109.92347942382497      c
  106.64291485713551     92.22052501095229    108.65358346252583      c
  106.46150114837849     91.97675033981002    105.81899426319737      c
  107.61045463717295     90.36103449619280    105.18215655641490      h
  104.50374487470896     91.52510579405036    105.26152505399610      h
  107.05109570183880     93.64159906288228    104.73618118905389      h
  108.59311222627349     88.77933372296751    109.45482734286934      h
  105.33522437317863     88.41839603158637    109.02208005843853      h
  106.95471966906163     87.93462614156763    113.63490154881239      h
  104.36579486700830     89.97364063895125    113.22861043024197      h
  109.91403079316056     91.70274005054161    113.25506659610238      h
  107.90147246163734     91.95218390008252    115.91013181280671      h
  104.52831131443646     95.20818202704447    114.25473172039888      c
  103.06944273984875     93.75309290472254    113.96560362206738      h
  104.89491818421629     95.35558066540956    116.30319484844692      h
  103.71950852956142     97.00909103168449    113.62545291814796      h
  109.09766910375396     96.43650401342013    113.57065086029426      c
  109.57954926763981     96.20784715134099    115.58320919181749      h
  110.82109933694566     96.06611769137456    112.46138162029040      h
  108.55531770361577     98.41315754841854    113.27396385743123      h
  106.44638333931540     96.61413826991139    106.50118539716908      h
  105.33522437317863     99.46384527830294    111.41825279493753      h
  105.71127987362289    101.36113031572013    105.04987572711292      c
  105.82088398933024     99.43171993404388    104.29965445235730      h
  104.16926334918820    102.33811872642201    104.05587978121505      h
  107.48384298626962    102.33622900028914    104.54909830189821      h
  104.57366474162573    103.62313249678425    111.15936031473220      h
  104.70405584479482    106.06654838660539    105.81710453706448      h
  104.39036130673581    108.35311700739702    111.15747058859931      h
  104.23729348997207    110.72661303030138    104.97239695566459      c
  105.95694427089802    109.89135407956593    104.14658663559358      h
  102.62913655088640    109.57199036310824    104.32989007048349      h
  104.00863662789293    112.62578779385144    104.20327841958014      h
  104.59067227682171    112.84688575139907    111.24439799071205      h
  104.15225581399223    115.74572563924565    106.15347578871813      h
  103.03542766945681    121.12577593957107    110.09355477578470      h
  102.26441940723947    119.79540874201959    107.11156693809114      h
  107.67659505182395    121.21459306781671    108.63468620119697      h
  105.46750520248064    123.31218907531978    107.23817858899447      h
  105.07066271457465    119.63289229459143    103.74029551702316      h
  108.16036494184267    118.87511211530428    104.80799078210356      h
  109.30175952610561    123.57675073392376    104.20705787184590      h
  106.14591688418659    124.08508706366999    103.17715712942324      h
  111.93603775534820    114.24150363746868    120.58909371783156      o
  111.65257883541535    113.86733786315732    118.81653060518482      h
  110.24851231868132    114.62700776857736    121.20892388941806      h
   99.20591118241245    115.26264683563252    121.51784825853173      h
   96.80755094670441    116.74197136316201    110.97182278817836      h
  114.68446259126979    115.89070371065471    110.25351571003146      h
  108.26845077575234    122.33514051156776    101.23295553716903      h
$user-defined bonds
$end
