$coord
  109.13168417414590    115.10888793246318    115.36967013880141      c
  109.08444102082376    116.39579142895832    113.73316730772244      h
  108.42681632657956    116.17658319754358    117.00806269601325      h
  111.82265418737505    114.18859130574788    115.88178592081341      c
  112.81476040714001    115.58320919181749    117.06097502773406      h
  111.79997747378043    112.44437408509442    116.98538598241863      h
  113.55175359896542    113.99017006179488    113.60844538295198      c
  114.05064129804722    115.70415166432217    112.20626859235084      o
  114.80653175120149    111.73761651139520    113.32498646301914      o
  113.95615499140294    110.34488835145849    114.20748856707674      h
  107.36101078763205    115.17502834711419    104.99885312152500      c
  108.08099644426149    113.21916179957753    105.06499353617599      h
  108.36445536419433    116.10666333062682    103.43038043122991      h
  108.12823959758363    116.45248321294488    107.43282038068170      c
  106.80165185229791    117.66757711639035    108.84255607581440      o
  110.59055274873361    116.11422223515835    108.03753274320511      o
  122.55251916989974    114.28496733852504    105.82088398933024      c
  123.54084593739893    112.75995834928634    106.81487993522811      h
  123.03817878605133    116.11989141355701    106.65614294006571      h
  119.71981969670416    113.74828511678552    105.82655316772890      c
  118.87700184143715    111.60344595596032    105.59222712725109      o
  118.29496619250837    115.80430714936510    105.93237783117051      o
  116.49783664013414    115.47171534997723    105.25207642333167      h
  116.22949552926437    121.05963552492007     96.77287526507379      c
  115.32431671161216    118.75983882119824     98.31111233724270      c
  114.93692285437059    119.58753886740216    101.07389194352152      c
  113.00373302042858    118.05119152136614    102.59134202822869      c
  113.82198443596806    115.52084822943226    103.42282152669837      n
  111.58076924236569    115.46793589771146    106.60512033447779      h
  113.16813919398963    113.61978373974929    101.99985774863548      c
  113.63490154881239    111.04219729449329    102.68015915647430      c
  113.04530699535206    108.92381429952847    101.29310017493624      c
  113.32876591528490    106.47283950517580    102.44772284212938      c
  113.16435974172386    104.21461677637745    101.20995222508928      c
  113.41002413899901    101.82789267054288    102.45339202052804      c
  113.87111731542309     99.55077268041569    101.29121044880337      c
  114.21126801934251     97.35113146173680    102.88613930495885      c
  114.84432627385921     94.98897379562975    102.07733652008380      c
  115.22983040496786     92.69295654417370    103.55888180826614      c
  115.63801124967117     92.85358326546897    106.45016279158118      c
  116.60933048197440     90.29678380767470    107.46683545107365      c
  115.08432149273567     88.05556861407233    106.50307512330197      c
  115.36967013880141     87.90250079730858    103.64391948424598      c
  115.21471259590479     90.42150573244514    102.31166256056162      c
  114.93314340210482     90.11159064665190     99.48841171803046      c
  115.98572085812214     88.42973438838368     98.86102264191243      h
  112.93570287964469     89.75254268140363     99.00653155414463      h
  115.56431193048863     91.72352703800334     98.34701713376754      h
  117.20837366609913     87.02566787164965    103.14503178516418      h
  113.94292690847274     86.62315620534500    102.81810916417496      h
  115.70415166432217     86.27733632302693    107.39124640575822      h
  113.07365288734535     88.26721794095552    107.00196282238377      h
  118.59543264763721     90.07757557625996    106.86401281468312      h
  116.63389692170190     90.36481394845858    109.54742392338073      h
  113.15302138492655     93.51876686424471    107.83911149925213      c
  111.70927061940191     92.04667020672680    107.55754230545216      h
  113.51584880244059     93.68695249007153    109.88379517503439      h
  112.32721106485552     95.30833751208742    107.19282516180522      h
  117.70159218678228     94.81322926527139    107.11345666422403      c
  118.20425933812987     94.63370528264724    109.12601499574724      h
  119.42691214610689     94.45985047842176    106.00040797195439      h
  117.11766681172062     96.77476499120668    106.79031349550060      h
  115.03896806554641     94.75653748128481    100.03832202270019      h
  113.92213992101100     97.71584860538373    104.89113873195052      h
  114.23016528067136     99.37313842392443     98.47173905853799      c
  113.86166868475867     97.46262530357706     97.75175340190856      h
  112.99617411589705    100.69027753854573     97.44939722064684      h
  116.20303936340397     99.85501858781028     97.99930752531658      h
  113.34199399821512    101.85056938413751    104.52075240990493      h
  112.90546726151852    104.21272705024457     99.16148909704124      h
  113.71238032026069    106.43504498251808    104.47917843498143      h
  112.14957680836427    109.03152868910297     98.60024043557421      c
  113.53663578990233    108.09611425332456     97.35680064013545      h
  110.34299862532559    108.02997383867357     98.34890685990041      h
  111.94359665987973    110.97983633210806     97.94828491972866      h
  114.57031598459078    110.78141508815506    104.49240651791165      h
  112.09099529824482    114.00150841859219    100.26130970638069      h
  112.51996313040985    119.10754842964921    104.31666198755327      h
  111.25573634750937    117.90190315686816    101.45183717009864      h
  116.76995720326967    119.61021558099679    102.07166734168514      h
  114.22260637613982    121.54718486720456    101.06633303898997      h
  113.50451044564328    118.09087577015673     97.52687599209517      h
  116.65090445689788    117.14979215597968     98.25631027938901      h
  117.84899082514737    121.92513009378169     97.77443011550318      h
  114.67425092189949    122.44480478032526     96.80689033546574      h
  119.29274159067201    113.79363854397478    111.09321990008119      o
  118.43291620020902    115.09377012340011    110.11812121551220      h
  117.88678534780509    112.77507615834941    111.70171171487037      h
  107.70195274469593    113.64747270402263    115.11884006345930      h
  105.35561973159980    115.12731249911870    104.53097272312488      h
  123.10921327597949    114.19831212389943    103.83963067311716      h
  116.77822444301320    120.71928467968347     94.81689979530586      h
$user-defined bonds
$end
