$coord
  109.14680198320899    115.08999067113433    115.28274273668868      c
  108.78775401796071    116.53752088892473    113.83332279276537      h
  108.71405469877817    115.95170578773019    117.11766681172062      h
  111.91147131562067    114.27362898172773    115.23549958336652      c
  113.09066042254132    115.80619687549799    116.02729483304562      h
  112.17981242649044    112.64657478131319    116.49405718786836      h
  113.13601384973057    113.68781388053318    112.71082546983131      c
  112.26862955473607    114.02229540605394    110.61322946232823      o
  115.53029686009670    112.79964259807694    112.84310629913330      o
  115.96304414452750    112.24973229340721    114.53630091419883      h
  107.25896557645622    115.39234685239605    105.23317916200281      c
  107.91847999683331    113.61033510908487    106.07032783887117      h
  108.41169851751647    115.81753523229530    103.56455098666480      h
  107.48384298626962    117.68080519932055    106.99062446558646      c
  106.44827306544828    119.67824572178068    106.61267923900934      o
  109.06932321176068    117.46159696790582    108.96727800058484      o
  109.76285270252971    115.77029207897316    109.20349376719554      h
  122.67913082080307    114.29819542145525    105.85300933358931      c
  124.15500693058677    115.28841191508732    106.92637377706835      h
  120.90845743428923    115.39423657852892    106.04954085140942      h
  122.21236846598032    111.73383705912943    107.00952172691532      c
  122.62432876294939    111.20093428965568    109.21105267172710      o
  121.14467320089993    109.98584038621020    105.43537985822158      o
  122.38622327020579    108.51941290709095    105.33711409931152      h
  116.19925991113821    121.11632730890665     96.73319101628319      c
  115.22794067883498    118.86944293690561     98.28654589751520      c
  114.53252146193306    119.86343888280346    100.93216248355509      c
  112.39524120563939    118.47826962739829    102.27953721630256      c
  112.97349740230241    115.89690372987650    103.19983384301786      n
  113.11144741000307    115.67769549846176    105.10467778496660      h
  112.90357753538565    113.80686662690498    101.79576732628384      c
  112.92625424898027    111.35589183255230    102.75763792792263      c
  112.94326178417624    109.10333828215261    101.33278442372685      c
  112.90357753538565    106.75062924670999    102.58945230209579      c
  113.16435974172386    104.43193528165929    101.37435839865034      c
  113.31364810622183    102.08678515074821    102.60457011115888      c
  113.86544813702444     99.80210625608949    101.39136593384632      c
  114.15646596148882     97.59868558514482    102.92960300601523      c
  114.73661188428471     95.21007175317737    102.06221871102071      c
  115.08243176660280     92.89515724039245    103.46817495388763      c
  115.36778041266851     92.92161340625285    106.37835319853151      c
  116.24650306446034     90.30245298607335    107.32888544337300      c
  114.72716325362029     88.13682683778640    106.20071894204027      c
  115.15802081191822     88.09903231512868    103.35668111204738      c
  115.12211601539339     90.65961122518874    102.11135159047572      c
  115.04274751781219     90.45174135057133     99.27676239114726      c
  116.19925991113821     88.83035632855542     98.66827057635810      h
  113.10199877933863     90.00009680481165     98.66827057635810      h
  115.66257768939869     92.12036952590934     98.22040548286419      h
  117.00806269601325     87.22219938946975    102.91070574468635      h
  113.77285155651305     86.87637950715168    102.38347215361127      h
  115.27140437989135     86.31324111955175    107.03408816664283      h
  112.69570766076822     88.35603506920114    106.61078951287644      h
  118.25528194371779     90.07190639786130    106.80921075682944      h
  116.17091401914492     90.28544545087738    109.40758418954721      h
  112.84499602526620     93.58490727889571    107.68982313475415      c
  111.38423772454559     92.15627432243417    107.29676009911394      h
  113.12278576680038     93.66427577647690    109.75340407186528      h
  112.08532611984616     95.41983135392768    107.08700049836364      h
  117.45025861110850     94.80378063460695    107.19471488793812      c
  117.86599836034334     94.53166007147142    109.21672185012575      h
  119.21337309309081     94.44851212162445    106.14402715805369      h
  116.93436337683072     96.79555197866843    106.93204295546701      h
  114.88401052264979     95.00976078309149    100.01753503523844      h
  113.88056594608751     97.91049039707094    104.94405106367131      h
  114.23772418520291     99.73785556757137     98.56622536518226      c
  114.54763927099616     97.83112189948976     97.82734244722398      h
  112.58799327119374    100.54476862631354     97.58923695448040      h
  115.89123455147784    100.89058850863161     98.04466095250584      h
  113.09821932707285    102.06032898488783    104.66248186987134      h
  113.35711180727819    104.43949418619086     99.32022609220364      h
  112.74295081409036    106.75251897284288    104.64736406080827      h
  113.09821932707285    109.16758897067072     98.49441577213261      c
  115.03518861328065    108.71783415104395     97.87647532667900      h
  111.82265418737505    107.77864026299977     97.62703147713810      h
  112.60689053252260    111.02896921156308     97.74230477124412      h
  112.88845972632255    111.17825757606104    104.81365996050221      h
  112.77696588448231    114.15646596148882     99.76809118569754      h
  111.80753637831197    119.55163407087734    103.95761402230501      h
  110.73795138709870    118.36488605942516    101.01908988566784      h
  116.22571607699859    119.93713820198602    102.14914611313344      h
  113.85977895862578    121.82308488260587    100.72429260893767      h
  113.51584880244059    118.09276549628962     97.37191844919855      h
  116.61122020810727    117.31230860340784     98.43961371427892      h
  117.78851958889504    122.00071913909713     97.76309175870587      h
  114.64590502990620    122.49960683817893     96.69161704135971      h
  120.58909371783156    112.75428917088767    113.71427004639358      o
  120.83475811510668    112.13823845156696    111.99272953933476      h
  119.26439569867873    113.99961869245932    113.50262071951039      h
  107.70055266286541    113.63578764233789    115.09185373382022      h
  105.31054622754485    115.19069413019891    104.59617023161850      h
  123.14783380751157    114.20235419448125    103.84953382177646      h
  116.77417803763693    120.73164973034912     94.79301719279484      h
$user-defined bonds
$end
