$coord
  464.27547523187638    450.88676558038156    434.90724140070057      c
  464.85373142853939    448.92334012831344    434.51606809119329      h
  464.89152595119708    452.02060126011298    433.27262829575449      h
  465.71355681900235    451.78060604123652    437.20703810442245      c
  464.86884923760243    452.84074240178535    439.03629300105575      o
  468.23634120640469    451.27037998535735    437.10688261937946      o
  479.24210620433070    449.46191207618580    431.38479188900175      c
  480.42696448964995    447.81407088830957    431.79297273370508      h
  480.15862337878019    451.13998888218828    432.20682275680701      h
  476.63050468868272    449.08018739734291    432.49595085513852      c
  476.02012314776067    447.04873180449090    433.50506461009945      o
  475.16785666182926    451.04550257554399    432.26351454079361      o
  473.20821066202683    450.81684571346483    432.44492824955063      h
  471.05203314440433    457.71245637236456    425.50774361572741      c
  470.42842352055203    455.22368705535416    426.89102314499974      c
  470.92731121963385    455.59785282966556    429.73317124885972      c
  469.40986113492670    453.88954040553688    431.51707271830372      c
  470.27535570378831    451.24392381949701    431.75706793718024      n
  468.75034671454955    450.78283064307288    435.39668046911794      h
  469.12262276272804    449.55450865669724    430.40213429990121      c
  469.62717964020851    446.88999480932847    430.60244526998713      c
  468.54058711379929    445.04184265136632    429.13412806473497      c
  468.99979056409046    442.41890277892099    429.74450960565702      c
  468.34594532211202    440.42335198259383    428.24784650841161      c
  468.83916384279519    437.83820663280619    428.88468421519406      c
  468.73900835775225    435.84265583647903    427.22361494438758      c
  469.39285359973070    433.35010706720283    428.17036773696327      c
  469.39096387359780    431.15991447918833    426.80976492128565      c
  469.92386664307156    428.57287940326790    427.63557524135661      c
  471.25612356675589    428.07966088258479    430.18859524688514      c
  472.02713182897327    425.27530730138244    430.43614937029315      c
  469.94087417826751    423.46117021381230    429.64813357287989      c
  469.40419195652800    423.87124078464842    426.85322862234199      c
  469.20766043870793    426.61890258186418    426.09166899078906      c
  468.05303777151477    426.90236150179703    423.50274418873573      c
  468.78247205880859    425.40191895228583    422.25741466716414      h
  465.99134656053656    426.60000532053533    423.61045857831022      h
  468.37429121410537    428.72027804163298    422.56166057455869      h
  470.90652423217210    422.97740032379357    425.69860595514888      h
  467.65430555747594    422.89992155234518    426.26174434274878      h
  470.48889475680437    421.48451667881386    430.00529181199522      h
  468.21744394507584    423.81076954839608    430.76874116968105      h
  473.68631137364684    424.94460522812750    429.21727601458196      h
  472.65074145282557    424.92570796679860    432.39201591782984      h
  469.53458305969713    428.73350612456323    432.45815633248083      c
  467.81493227877115    427.56187592217412    432.46382551087947      h
  470.55125571918961    428.36500952865055    434.24205780192483      h
  468.92798097104082    430.71582883796026    432.47894331994257      h
  473.74111343150059    429.60655959795633    430.32087607618718      c
  474.80124979204942    429.08310545914708    432.03485767871439      h
  474.94486897814875    429.15869450446246    428.68248351897529      h
  473.44064697637174    431.65691245213731    430.34922196818042      h
  468.83349466439654    431.33187955728096    424.83689083855296      h
  469.90874883400846    433.33120980587398    430.16591853329049      h
  468.12106791229866    436.26028531184676    424.47028396877317      c
  467.59383432122354    434.51039891279459    423.49329555807134      h
  466.57527193559821    437.62277785365728    424.21706066696652      h
  469.79914471830114    437.03696275246273    423.51030309326728      h
  469.46844264504608    437.45837168009621    430.82165350140184      h
  467.46344321805446    440.80507666143671    426.42048133791116      h
  469.97866870092525    442.03717810007811    431.52841107510102      h
  466.90030483045456    445.62576802642798    426.88157451433523      c
  467.72989460279132    444.79806798022406    425.16192373340931      h
  465.00679924530311    444.79050907569251    427.10456219801580      h
  466.70566303876728    447.65722361927999    426.55087244108029      h
  470.93675985029830    446.32307696946276    432.10477754563118      h
  467.61084185641954    450.17433882828374    429.11523080340612      h
  469.47789127571059    454.69267401201330    433.43136529091692      h
  467.41242061246652    453.91410684526437    430.89724254671722      h
  472.96632571701741    455.42021857317422    430.13568291516435      h
  470.36606255816685    457.54238102040483    430.23016922180864      h
  468.40641655836441    454.78527059252468    426.61134367733257      h
  471.52446467762570    453.58340477200943    426.20694228489509      h
  472.94175927728998    458.35118380527990    426.14080187024410      h
  469.66875361513200    459.11274343683277    426.16914776223740      h
  462.21900791682953    450.96484252477524    434.99458171137826      h
  479.09743443389715    449.64603978401038    429.33834393632327      h
  471.02559294557079    457.69436571000477    423.44819128553712      h
$user-defined bonds
$end
