$coord
  341.51508618735926    340.54187722892311    354.56742458720032      c
  340.91037382483580    342.16515197707190    353.41658137227301      h
  341.42626905911362    341.10501561652302    356.56486510966050      h
  344.25140962777760    339.86913472561582    353.87200537029844      c
  345.52319531520965    341.25241425488809    354.77529446181779      h
  344.83722472897216    338.02287229378652    354.61655746665537      h
  344.99407199800169    339.89181143921047    351.08654905042499      c
  343.65236644365291    340.29054365324936    349.27997086738628      o
  347.48662076727788    339.39103401399581    350.83332574861834      o
  348.00818517995424    339.44394634571654    349.02674756557968      h
  339.55921963982263    340.85746149311501    344.49896375118561      c
  340.08078405249898    339.18883331777704    345.61012271732244      h
  340.77620326940092    341.04643410640358    342.83033557584764      h
  339.74252307471249    343.20450135015903    346.13357685613175      c
  339.16804633031524    343.36323834532135    348.32943862254484      o
  340.58156147771371    345.19627269422045    344.75974595752388      o
  340.57211284704931    346.65703099494107    345.88413300659079      h
  354.89245748205667    339.84078883362258    345.15469871929696      c
  356.37022331797328    338.82411617413004    346.21105562758004      h
  354.83387597193723    341.80610401182361    345.82555149647135      h
  352.34888610719264    338.51798054060259    345.58177682532914      c
  352.18825938589737    336.21440438461497    345.04509460358963      o
  350.52341066282509    339.84834773815408    346.48695564298134      o
  348.50896260516902    346.63435428134648    336.08590300757874      c
  347.63212967951006    344.37046237414944    337.67894213760138      c
  347.37323719930470    345.24729529980834    340.43227311321573      c
  345.78019806928216    343.52953424501533    342.11034991921821      c
  346.83466525143234    341.00486013148009    342.56199446497789      n
  348.21416532843881    340.80265943526132    343.93582536358571      h
  345.99184739616533    338.96017645569782    341.42815878524647      c
  346.70238442213031    336.47518659095323    342.04043005230142      c
  345.79153642607946    334.33979606079248    340.81021833979287      c
  346.29609330355993    331.92283633683166    341.88925196167054      c
  345.87846382819220    329.64949579897029    340.71006285474994      c
  346.27152686383238    327.28355868059742    341.91192867526519      c
  346.47750701231695    324.98754142914140    340.69305531955399      c
  346.87434950022288    322.78412075819671    342.24452047465309      c
  347.27875089266041    320.38038911716620    341.40170261938607      c
  347.64724748857316    318.08437186571012    342.87190955077114      c
  348.11212011726298    318.22232187341075    345.75374190342171      c
  348.97572495999174    315.62394844069297    346.75907620611690      c
  347.35622966410870    313.44887366174163    345.80665423514250      c
  347.61701187044696    313.29013666657926    342.94560886995367      c
  347.52819474220132    315.81481078011450    341.61713139853504      c
  347.20505157347787    315.52568268178294    338.79766000826965      c
  348.17826053191396    313.80414217472412    338.15704284922140      h
  345.19060351582181    315.25356211864744    338.33089765344693      h
  347.90047079037981    317.11116290727404    337.65626542400673      h
  349.42736950575141    312.36606058759816    342.43160336180875      h
  346.15436384359344    312.05236604953916    342.12168827601550      h
  347.91747832557581    311.64796465710162    346.68537688693436      h
  345.35878914164863    313.73233258167448    346.32065974328737      h
  350.94481959045856    315.32537171169707    346.13924603453040      h
  349.01729893491523    315.69197858147686    348.83966467842401      h
  345.68382203650492    319.00277876629252    347.17670568148458      c
  344.18148976086087    317.58170471436250    346.94237964100677      h
  346.09011315507536    319.18608220118244    349.21194072660245      h
  344.90903432202185    320.81313640159698    346.52475016563903      h
  350.28908462234727    320.06858430524005    346.38868988407125      c
  350.82198739182098    319.83992744316089    348.38990985879724      h
  351.97094088061550    319.64150619920787    345.23784666914395      h
  349.81287363686010    322.06602482770018    346.10712069027130      h
  347.26363308359737    320.12149663696090    339.35890866973671      h
  346.82710634690073    323.16584543703965    344.26463771070780      h
  346.46427892938675    324.83636333851052    337.84901748956111      c
  346.26585768543373    322.89750432616989    337.15359827265911      h
  344.93549048788225    325.97964764890634    337.02887634788874      h
  348.26329820789385    325.59792297006345    337.12525238066587      h
  346.53797824856923    327.31568402485647    343.96417125557900      h
  345.26241310887150    329.64193689443869    338.73907849815021      h
  347.10867554070069    331.90015962323702    343.78653699908779      h
  344.29298360270116    334.46262825943001    338.39892779423081      c
  345.34367133258553    333.51587546685431    336.87013935272631      h
  342.47695678899800    333.47430149193082    338.58601068138648      h
  343.92637673292126    336.40526672403644    337.79421543170736      h
  348.04220025034618    336.21629411074787    343.59378493353341      h
  344.55376580903936    339.30599633801592    339.98629774585476      h
  345.46839325735596    344.37991100481383    343.97550961237636      h
  343.89992056706092    343.27820066934152    341.25997315941964      h
  349.27052223672189    345.50807750614661    341.26186288555255      h
  346.43782276352630    347.11245499296649    340.45683955294328      h
  345.77452889088346    343.70338904924080    336.98163319456660      h
  348.94359961573269    342.75096707826646    337.60713254455169      h
  350.14168598398220    347.50740775473957    337.05533251374908      h
  346.95938717620277    348.02330298901740    336.11424889957203      h
  352.49817447169056    339.07544974980385    351.12812302534849      o
  351.99361759421009    339.85401691655272    349.51618663399699      h
  350.85978191447873    338.79199082987100    351.90480046596446      h
  340.00244677670315    339.15408642296933    354.39789332397305      h
  337.59448971999399    340.70245582850276    343.90013844858112      h
  355.39014654756386    339.73573573272392    343.15868980222336      h
  349.03936255362936    346.26085274695942    334.13092099859381      h
$user-defined bonds
$end
