$coord
  100.66193164655245    116.71515514541598    121.69458350556965      c
  100.44083368900483    117.99638946351246    120.06752930515512      h
  100.07989599762367    117.76395314916751    123.38777812063519      h
  103.40959344376817    115.89690372987650    121.97804242550251      c
  104.55476748029687    117.51072984736084    122.64322602427826      h
  103.57966879572787    114.45504269048476    123.45202880915330      h
  104.74185036745254    114.98983518609140    119.62155393779410      c
  104.03698251988621    115.16368999031687    117.46726614630447      o
  107.03030871437706    113.88056594608751    120.17524369472960      o
  107.53675531799041    113.00751247269436    118.63133744416203      h
   98.81188976245740    116.80775172592737    111.47494457892410      c
   99.47707336123314    114.86322353518806    111.82265418737505      h
   99.85690831394317    117.49372231216486    109.82332393878204      h
   99.55266240654856    118.39134222528554    113.74261593838686      c
   98.12213972395413    119.44014022903708    115.19959478684170      o
  102.04899062809051    118.55007922044794    114.09410499910359      o
  114.16213513988748    115.91013181280671    112.24217338887567      c
  115.73249755631545    116.72649350221330    113.32498646301914      h
  112.50862477361254    117.17246886957432    112.46327134642328      h
  113.43270085259363    113.41380359126477    113.38167824700571      c
  113.59899675228755    112.95271041484067    115.62856261900674      o
  112.42358709763268    111.56754115943549    111.93792748148108      o
  112.19304050942064    111.89068432815894    110.12379039391085      h
  107.70305121768435    122.69613835599904    103.17904685555612      c
  106.76763678190596    120.40201083067588    104.68704830959886      c
  106.00229769808728    121.29396156539791    107.34967243083474      c
  103.77242086128221    119.88233614413232    108.52697181162249      c
  104.33744897501502    117.38789764872327    109.62490269482906      n
  103.03542766945681    117.77151205369907    112.67303094717360      h
  104.23729348997207    115.43770027958530    108.16225466797556      c
  104.43760446005795    112.88657000018968    109.11656636508280      c
  104.22973458544054    110.68314932924501    107.76163272780380      c
  104.34122842728080    108.26241015301851    109.02774923683718      c
  104.44705309072239    105.98906961515708    107.80698615499306      c
  104.67570995280155    103.58911742639231    109.03341841523584      c
  105.24073806653436    101.35168168505571    107.82966286858769      c
  105.59978603178263     99.11424594371910    109.36978966688949      c
  106.24418264309664     96.76720608667513    108.52319235935671      c
  106.62401759580665     94.43528403869425    109.95560476808404      c
  106.97550665652338     94.52221144080698    112.85633438206349      c
  107.91092109230178     91.93706609101943    113.83899197116403      c
  106.40291963825902     89.72797624167612    112.78263506288097      c
  106.78275459096903     89.64104883956337    109.93103832835652      c
  106.66370184459726     92.19406884509188    108.65547318865872      c
  106.48984704037176     91.93706609101943    105.82088398933024      c
  107.62935189850181     90.30812216447201    105.20105381774377      h
  104.53209076670225     91.49675990205708    105.25774560173033      h
  107.09455940289517     93.59246618342725    104.73240173678812      h
  108.63657592732986     88.77366454456886    109.47561433033108      h
  105.38435725263368     88.38249123506154    109.02774923683718      h
  106.98495528718780     87.92517751090321    113.64812963174259      h
  104.37902294993850     89.93962556855931    113.22105152571044      h
  109.91025134089477     91.72352703800334    113.27963303582989      h
  107.88068547417561     91.95596335234829    115.92147016960402      h
  104.47539898271567     95.17416695665253    114.22071665000693      c
  103.03164821719103     93.71151892979906    113.89379402901773      h
  104.80232160370490     95.30455805982164    116.27484895645364      h
  103.66470647170773     96.97696568742543    113.59710702615467      h
  109.04475677203315     96.45162182248323    113.59332757388890      c
  109.50207049619148     96.23808276946716    115.61344480994366      h
  110.78897399268661     96.09446358336784    112.51240422587831      h
  108.48917728896477     98.42449590521585    113.27963303582989      h
  106.44260388704963     96.56500539045638    106.48228813584022      h
  105.30876820731824     99.43738911244255    111.38234799841270      h
  105.62813192377591    101.26475428294297    104.99885312152500      c
  105.62057301924438     99.32967472286808    104.25430102516805      h
  104.15603526625799    102.33244954802336    103.99729827109560      h
  107.46683545107365    102.11891049500728    104.50752432697472      h
  104.50752432697472    103.56266126053190    111.09699935234697      h
  104.44705309072239    105.98151071062553    105.74340521788194      h
  104.39603048513447    108.28130741434735    111.09321990008119      h
  103.88769415538825    110.66236234178328    104.94027161140554      c
  105.47317438087929    109.69671228787871    104.00107772336138      h
  102.15481529153210    109.63435132549347    104.42059692486198      h
  103.75919277835200    112.57665491439643    104.18816061051706      h
  104.66437159600424    112.76940697995076    111.16313976699797      h
  103.88958388152112    115.69092358139196    106.12890934899062      h
  103.02597903879239    121.03884853745834    110.08221641898737      h
  102.25875022884081    119.72926832736857    107.09077995062941      h
  107.64257998143202    121.24293895980999    108.64035537959563      h
  105.40703396622830    123.28573290945936    107.20983269700119      h
  105.09144970203640    119.60454640259813    103.73084688635873      h
  108.17737247703865    118.86944293690561    104.82499831729952      h
  109.29798007383984    123.57864046005663    104.20894759797881      h
  106.14213743192082    124.07374870687268    103.16959822489169      h
  112.22894530594547    114.32843103958142    120.33776014215776      o
  112.25918092407164    114.27362898172773    118.50094634099291      h
  110.50929452501953    114.80086257280283    120.77995605725300      h
   99.21265560830938    115.26193728657931    121.51982945925384      h
   96.81563066308475    116.74214696679306    110.97152846801590      h
  114.64388291219578    115.81032219147211    110.24198857733046      h
  108.26872315915631    122.33299093678248    101.23201800021812      h
$user-defined bonds
$end
