$coord
  455.06872951245754    453.84040752608189    467.76201994705036      c
  454.48102468513008    455.48635898782521    466.63763289798345      h
  455.10085485671658    454.41866372274484    469.75757074337764      h
  457.82395021420479    453.09963488199071    466.99290141096594      c
  459.07683864030798    454.46212742380123    467.95855146487054      h
  458.35685298367855    451.27226971149025    467.81493227877115      h
  458.94644753713885    453.01837665827662    464.23390125695289      c
  457.67466184970681    453.29238694754503    462.27803470941626      o
  461.36907643949826    452.61208553970619    464.23390125695289      o
  452.93522870842963    454.25047809691802    457.89764953338732      c
  453.53994107095303    452.51004032853035    458.84818177822882      h
  454.08796164948990    454.61897469283076    456.21579327511915      h
  453.19412118863494    456.43689123266671    459.73446333455217      c
  453.33207119633562    456.31405903402919    461.99079633721760      o
  453.24514379422288    458.72157012732549    458.48724408684768      o
  453.66466299572346    459.98768663635883    459.76469895267832      h
  468.43476245035765    453.48702873923224    458.62141464228256      c
  470.21299474140307    453.04105337187121    459.59840305298439      h
  468.03791996245172    455.50147679688831    458.96912425073350      h
  466.37118151324654    452.07729304409958    460.06138595554143      c
  466.87762811685991    450.09119087843675    461.20278053980428      o
  464.20555536495959    453.27159996008328    460.25413802109574      o
  462.99235118764699    452.76704308260281    461.78292646260024      h
  461.86229496018143    459.96500992276418    449.48080933751464      c
  460.93632915506743    457.68222075423836    451.04550257554399      c
  460.63208324767288    458.52125915723963    453.82906916928454      c
  458.54015641856847    457.26270155273778    455.39376240731389      c
  458.97479342913215    454.66810757228575    456.34051519988958      n
  458.97857288139789    454.39031783075160    458.26992558156581      h
  458.90487356221541    452.64421088396523    454.88353635143471      c
  458.84629205209592    450.15544156695483    455.79249462135272      c
  458.76692355451473    447.98036678800349    454.29583152410726      c
  458.69889341373084    445.57285569470719    455.48635898782521      c
  458.88219684862077    443.30140488297866    454.20890412199458      c
  459.01636740405564    440.91279105101114    455.39565213344679      c
  459.57383661325690    438.66212722674436    454.16166096867238      c
  459.90642841264480    436.43791956833797    455.68855968404398      c
  460.49413323997220    434.07198244996511    454.80983703225223      c
  460.87774764494799    431.74383985425004    456.21201382285335      c
  461.29915657258152    431.78919328143928    459.10518453230128      c
  462.20811484249947    429.17570203965846    460.03492978968097      c
  460.63775242607147    427.00629643910571    458.98991123819525      c
  460.93821888120033    426.94771492898627    456.13075559913926      c
  460.84184284842314    429.50829383904630    454.87786717303612      c
  460.59617845114803    429.28341642923294    452.05083687823918      c
  461.70166823888616    427.65069305041970    451.38187382719764      h
  458.61763519001676    428.86011777546656    451.55005945302446      h
  461.17821410007679    430.94448570003937    450.95668544729836      h
  462.76369432556783    426.06143337266286    455.60919118646285      h
  459.50202702020721    425.72317239487637    455.24069459055011      h
  461.21600862273453    425.18460044700396    459.81194210600052      h
  458.63086327294695    427.23873275345068    459.48879893727707      h
  464.19232728202940    428.93003764238330    459.43210715329047      h
  462.22512237769541    429.17381231352556    462.11740798812099      h
  458.84440232596302    432.47516386767677    460.53003803649705      c
  457.37230566844511    431.03141310215216    460.24846884269709      h
  459.23368590933745    432.60933442311165    462.57094226001357      h
  458.03937899335375    434.28741122911413    459.92532567397365      h
  463.42320874594498    433.67136050979337    459.80816265373471      c
  463.93910398022274    433.41057830345517    461.80749290232768      h
  465.12774171780779    433.30853309227933    458.66865779560470      h
  462.88652652420546    435.65746267545620    459.56249825645961      h
  460.63397297380573    433.88300983667659    452.76326363033706      h
  459.66643319376828    436.74594492799838    457.70867692009875      h
  459.97067910116289    438.60354571662492    451.33841012614124      c
  459.89131060358170    436.68547369174598    450.56740186392392      h
  458.55149477536577    439.74683002702074    450.34441418024346      h
  461.84528742498543    439.38967178790534    450.88298612811582      h
  458.81794616010262    440.86176844542325    457.45545361829210      h
  459.03715439151739    443.35053776243365    452.15099236328211      h
  458.58550984575771    445.53317144591654    457.54993992493638      h
  458.82361533850133    448.11642706957127    451.45368342024727      c
  460.69633393619097    447.54950922970556    450.73747721588364      h
  457.42143854790015    446.83708247760762    450.61275529111322      h
  458.42488312446244    450.02505046378576    450.76393338174404      h
  458.79904889877378    449.94757169233742    457.84095774940073      h
  458.84251259983017    453.03727391960547    452.85586021084839      h
  458.16221119199133    458.38519887567185    457.08884674851225      h
  456.77137275818745    457.26270155273778    454.29205207184157      h
  462.45566896590753    458.37386051887455    454.82684456744818      h
  460.11240856112931    460.54137639329434    453.81206163408854      h
  459.08250781870663    457.06239058265186    450.30284020531991      h
  462.22512237769541    456.04193847089363    450.95668544729836      h
  463.48367998219726    460.82483531322720    450.48236418794403      h
  460.31271953121518    461.35395863043516    449.51104495564084      h
  465.84583764830433    451.66344302099759    466.37496096551229      o
  466.09906095011104    451.38187382719764    464.54759579501194      h
  463.93721425408984    451.59163342794795    466.37685069164519      h
  453.47204467112124    452.53964332415518    467.72470821425526      h
  450.97443612933512    454.08873590986627    457.28780194286435      h
  468.81298418472238    453.20624718050044    456.61619839636256      h
  462.41302050612398    459.63153038363816    447.52421154363833      h
$user-defined bonds
$end
