$coord
  109.30553897837137    114.96526874636389    115.29786054575175      c
  108.66114236705737    116.69247843182136    114.33976939637873      h
  109.32254651356735    115.36967013880141    117.33498531700248      h
  112.01351652679651    114.36811528837201    114.41535844169415      c
  113.29664057102586    115.73060783018256    115.32998589001080      h
  112.66736176877494    112.49917614294810    115.05786532687529      h
  112.57098573599777    114.51551392673709    111.57698979009992      c
  110.96849797531074    114.59488242431829    109.92725887609075      o
  114.99550436449005    114.55897762779347    110.91369591745706      o
  116.19737018500531    114.08465636843917    112.30642407739377      h
  107.23439913672871    115.46604617157857    105.21428190067395      c
  107.87123684351117    113.83332279276537    106.32922031907650      h
  108.47594920603457    115.64368042806981    103.56833043893056      h
  107.64635943369778    117.81875520702120    106.79409294776636      c
  109.72127872760622    118.61432990896606    107.28731146844952      o
  105.55065315232760    119.05085664566265    107.63880052916625      o
  106.21205729883758    120.45114371013091    108.64224510572852      h
  122.74527123545406    114.58543379365386    105.84167097679199      c
  124.47815009931020    115.19959478684170    106.80732103069656      h
  121.41490403790257    116.18981128047378    106.03631276847922      h
  121.53584651040725    112.48594806001792    107.37990804896091      c
  120.67224166767852    110.52819178634839    106.37457374626574      o
  121.42435266856700    112.99428438976415    109.75718352413105      o
  116.23327498153014    121.06152525105297     96.76153690827648      c
  115.32620643774503    118.77684635639422     98.31300206337559      c
  114.99739409062293    119.65934846045181    101.07011249125574      c
  112.82420903780445    118.51228469779022    102.57622421916560      c
  113.16247001559098    115.93280852640132    103.59856605705674      n
  112.91680561831585    115.74950509151142    105.51096890353701      h
  113.30230974942451    113.86355841089154    102.20772762325289      c
  113.16247001559098    111.38801717681136    103.14503178516418      c
  113.30042002329164    109.20160404106267    101.66726594924761      c
  113.15491111105943    106.78842376936770    102.84645505616825      c
  113.43837003099229    104.52264213603782    101.57844882100198      c
  113.49884126724461    102.11513104274151    102.74440984499242      c
  114.03552348898414     99.87391584913912    101.48963169275636      c
  114.27740843399350     97.61380339420791    102.99007424226755      c
  114.85566463065652     95.24975600196797    102.10568241207707      c
  115.19203588231015     92.90460587105687    103.50785920267822      c
  115.57942973955171     92.93862094144882    106.40669909052480      c
  116.49027773560259     90.32701942580086    107.34022380017031      c
  114.93692285437059     88.15383437298237    106.28008743962147      c
  115.26195574922693     88.10659121966023    103.42282152669837      c
  115.16935916871553     90.67283930811894    102.17371255286096      c
  114.95204066343368     90.44040299377400     99.34290280579826      c
  116.11422223515835     88.84169468535275     98.68716783768694      h
  112.99050493749839     89.95285365148951     98.83078702378626      h
  115.49250233743898     92.11659007364356     98.25442055325614      h
  117.09499009812599     87.22408911560262    102.92015437535079      h
  113.83899197116403     86.87826923328456    102.51764270904614      h
  115.51517905103360     86.33402810701349    107.10589775969248      h
  112.92247479671450     88.37682205666289    106.76385732964019      h
  118.48015935353118     90.09080365919016    106.75251897284288      h
  116.48649828333683     90.32701942580086    109.42081227247741      h
  113.09821932707285     93.60758399249033    107.79753752432863      c
  111.63368157408648     92.16383322696571    107.48006353400385      h
  113.45537756618825     93.72285728659635    109.84789037850955      h
  112.30453435126090     95.42550053232632    107.19282516180522      h
  117.67891547318767     94.82834707433446    107.14747173461598      c
  118.16268536320639     94.56756486799624    109.15436088774052      h
  119.40423543251225     94.47874773975063    106.03442304234632      h
  117.14223325144813     96.81444923999727    106.89424843280931      h
  115.04274751781219     95.06834229321095    100.06288846242769      h
  113.98072143113046     97.90293149253941    105.00452229992366      h
  114.48338858247804     99.84745968327874     98.67205002862387      c
  114.55330844939481     97.92938765839980     97.89348286187497      h
  112.99428438976415    100.88869878249872     97.66293627366292      h
  116.29941539618115    100.76964603612693     98.23552329192728      h
  113.22672070410908    102.03954199742608    104.79476269917335      h
  113.72749812932379    104.58500309842304     99.53754459748549      h
  112.89601863085410    106.73929088991268    104.89302845808339      h
  113.69726251119761    109.34900267942776     98.85724318964667      c
  115.71549002111948    109.06365403336201     98.42071645295007      h
  112.61822888931991    107.89391355710580     97.84623970855283      h
  113.11711658840173    111.18203702832682     98.10135273649239      h
  112.91491589218296    111.18392675445970    105.18215655641490      h
  113.49317208884597    114.20181938867808    100.18194120879950      h
  112.42547682376558    119.67446626951491    104.23540376383919      h
  111.09510962621408    118.52173332845466    101.40459401677650      h
  116.78885446459853    119.44769913356863    102.11513104274151      h
  114.56086735392634    121.69836295783544    101.02286933793361      h
  113.48561318431442    118.12489084054867     97.56089106248712      h
  116.63956610010055    117.15546133437834     98.24875137485748      h
  117.85466000354603    121.92135064151593     97.76309175870587      h
  114.67992010029815    122.44669450645816     96.79555197866843      h
  118.60677100443452    113.04152754308630    113.82765361436672      o
  119.47982447782768    112.61822888931991    112.19115078328775      h
  119.48738338235921    114.58354406752098    114.30575432598678      h
  107.76452723997832    113.61311291463346    115.09851264427451      h
  105.28943089883177    115.21048326341783    104.58613517377363      h
  123.16774370474333    114.29022787567222    103.84739099753824      h
  116.78146736906918    120.71838192450183     94.80589892524925      h
$user-defined bonds
$end
