$coord
  109.12790472188013    115.09565984953299    115.28085301055577      c
  108.91436566886405    116.34665854950327    113.62923237041373      h
  108.50618482416074    116.19737018500531    116.92869419843205      h
  111.86989734069719    114.21882692387405    115.54163521689401      c
  112.48972751228369    114.29252624305660    117.52206820415815      h
  112.11556173797233    112.25540147180587    114.91991531917463      h
  113.85977895862578    115.59076809634902    113.93536800394121      c
  115.91580099120536    116.09154552156372    115.03140916101488      o
  113.43081112646074    115.96115441839461    111.60533568209320      o
  111.44848841306370    115.48305370677454    109.75529379799816      h
  107.37612859669512    115.10888793246318    104.98940449086057      c
  108.11879096691919    113.18136727691983    104.73429146292101      h
  108.28130741434735    116.28618731325095    103.53242564240574      h
  108.33233001993527    116.03107428531139    107.53486559185752      c
  107.34400325243608    117.59387779720781    108.88979922913653      o
  110.56976576127188    114.93125367597194    108.04131219547088      o
  122.73960205705541    114.41724816782704    105.82844289386180      c
  124.32319255641359    115.30919890254906    106.83188747042408      h
  121.08609169078046    115.67013659393022    106.07410729113693      h
  122.08764654120986    111.99839871773342    107.14936146074886      c
  122.26150134543533    111.71116034553481    109.40569446341432      o
  121.09554032144491    110.04631162246255    105.79442782346986      o
  120.97081839667446    110.33354999466117    103.97273183136809      h
  116.20114963727109    121.07853278624894     96.74452937308051      c
  115.24305848789807    118.79385389159019     98.26008973165479      c
  114.57976461525521    119.70470188764106    100.94350084035241      c
  112.43114600216424    118.29874564477416    102.26063995497370      c
  112.98105630683395    115.71926947338524    103.19416466461919      n
  112.80531177647559    115.46982562384434    105.11790586789678      h
  112.97538712843530    113.66324744080568    101.79198787401806      c
  113.03207891242187    111.19337538512414    102.78220436765014      c
  112.87523164339235    108.96349854831908    101.37057894638457      c
  112.96215904550510    106.58622307314893    102.62346737248774      c
  113.04341726921918    104.28264691716133    101.38380702931475      c
  113.27774330969700    101.92237897718718    102.61023928955754      c
  113.80686662690498     99.63958980866130    101.42160155197247      c
  114.19237075801365     97.45884585131128    102.99952287293199      c
  114.79519339440417     95.08157037614113    102.15103583926633      c
  115.21849204817055     92.78177367241931    103.58344824799364      c
  115.65123933260138     92.87059080066494    106.47094977904291      c
  116.60177157744285     90.27977627247873    107.42904092841593      c
  115.04652697007796     88.07824532766695    106.42559635185366      c
  115.32431671161216     87.98753847328844    103.56455098666480      c
  115.19770506070881     90.52922012201962    102.27575776403678      c
  114.94448175890214     90.27410709408007     99.45061719537276      c
  115.98005167972347     88.58658165741319     98.81000003632451      h
  112.94893096257491     89.93773584242642     98.94795004402516      h
  115.60210645314633     91.89549211609594     98.33945822923599      h
  117.15546133437834     87.11070554762949    103.03920712172258      h
  113.89190430288483     86.73842949945102    102.69905641780316      h
  115.65501878486714     86.27544659689404    107.26463475485488      h
  113.03963781695340     88.29178438068303    106.94149158613143      h
  118.58220456470700     90.05300913653245    106.80921075682944      h
  116.63578664783478     90.30623243833911    109.50962940072303      h
  113.19270563371715     93.53955385170646    107.90147246163734      c
  111.72816788073078     92.09013390778317    107.61423408943872      h
  113.58387894322448     93.66616550260980    109.94426641128672      h
  112.38012339657632     95.35180121314379    107.30242927751259      h
  117.74883534010443     94.79055255167675    107.13802310395154      c
  118.26284084824933     94.58079295092644    109.14491225707609      h
  119.46092721649883     94.42394568189694    106.01174632875170      h
  117.19325585703605     96.76531636054226    106.84133610108849      h
  114.90101805784576     94.86047241859352    100.10446243735117      h
  113.97316252659891     97.80655545976224    105.01586065672097      h
  114.13189952176131     99.47140418283449     98.59835070944132      c
  113.71993922479223     97.57033969315152     97.88214450507766      h
  112.90735698765141    100.80933028491752     97.59301640674616      h
  116.10477360449391     99.91171037179684     98.09568355809374      h
  113.17947755078696    101.92048925105428    104.67759967893444      h
  113.02074055562456    104.28264691716133     99.31833636607075      h
  113.04908644761784    106.59189225154759    104.68893803573175      h
  112.59366244959240    109.00129307097679     98.53787947318898      c
  114.22827555453848    108.13012932371650     97.58923695448040      h
  110.91369591745706    107.91847999683331     97.96907190719041      h
  112.37634394431055    110.92125482198861     97.81411436429379      h
  113.08688097027556    111.03463838996174    104.84011612636260      h
  112.90546726151852    113.99017006179488     99.75675282890022      h
  111.81698500897640    119.36266145758877    103.93304758257750      h
  110.79653289721816    118.18536207680101    100.97184673234570      h
  116.28051813485229    119.72359914896992    102.15103583926633      h
  113.91647074261233    121.67757597037368    100.80177138038599      h
  113.51962825470636    118.05497097363191     97.33790337880660      h
  116.62066883877171    117.22727092742799     98.35646576443196      h
  117.79418876729369    121.94780680737632     97.78009929390184      h
  114.64401530377332    122.45803286325547     96.73130129015031      h
  119.67446626951491    112.96215904550510    113.97127280046602      o
  118.90345800729756    112.36122613524746    112.42736654989847      h
  118.41779839114595    114.25662144653177    114.52685228353441      h
  107.69031475971215    113.63280234871452    115.09068153544938      h
  105.36821237419032    115.10756780345430    104.52999959577072      h
  123.17052932027244    114.23692168229623    103.82231074233152      h
  116.77397469607901    120.72226354235620     94.79832130742336      h
$user-defined bonds
$end
