$coord
  341.36390809672838    340.67415805822509    354.50128417254933      c
  341.08989780745998    341.90625949686654    352.83832517561001      h
  340.75730600807208    341.79476565502631    356.14534590815987      h
  344.12479797687433    339.93716486639971    354.83387597193723      c
  345.16036789769566    341.65114646892698    355.41402189473314      h
  344.34400620828904    338.62380520404417    356.41935619742833      h
  345.80098505674385    338.92994083757168    352.70037516790933      c
  345.32477407125668    339.35890866973671    350.30609215754322      o
  347.72283653388854    337.79232570557451    353.29374917363543      o
  339.57622717501857    340.67604778435799    344.36668292188364      c
  340.25652858285741    338.71262233228981    344.51786101251452      h
  340.59101010837816    341.53209372255520    342.76986433959530      h
  340.37369160309629    342.04231977843432    346.80442963330609      c
  338.92616138530587    343.31788491813211    348.10078176046568      o
  342.74907735213355    341.66248482572433    347.28630979719202      o
  343.93771508971861    340.53809777665737    349.64657773716613      h
  354.88489857752512    339.86157582108427    345.11501447050637      c
  356.47037880301622    340.62880463103585    346.21483507984584      h
  353.27863136457233    341.18438411410420    345.33233297578818      h
  354.02318346092932    337.33690170754903    346.22050425824443      c
  352.93281148225429    335.72307559006475    344.83722472897216      o
  354.42191567496815    337.04399415695178    348.55620575849116      o
  348.46738863024552    346.60978784161892    336.07456465078144      c
  347.53008446833422    344.32888839922595    337.62036062748189      c
  347.08788855323894    345.21139050328355    340.36802242469764      c
  344.86935007323126    344.02275276569850    341.79098620276051      c
  345.19060351582181    341.45461495110686    342.82844584971474      n
  344.54431717837491    341.28264987301429    344.72006170873328      h
  345.54398230267145    339.42504908438775    341.46028412950557      c
  345.35123023711708    336.92683113671291    342.40892664821411      c
  345.55154120720294    334.75931526229306    340.95005807362639      c
  345.35500968938283    332.31589937247196    342.11979854988260      c
  345.67437340584053    330.06901500047087    340.86124094538081      c
  345.73484464209287    327.64260664584572    342.03854032616852      c
  346.23940151957333    325.40895035677488    340.79321080459692      c
  346.50207345204444    323.13183036664770    342.29365335410807      c
  347.05576320897990    320.77156242667354    341.40926152391762      c
  347.38268582996915    318.40373558216777    342.80198968385434      c
  347.73228516455299    318.42641229576242    345.70271929783377      c
  348.60344891181330    315.80725187558289    346.65325154267526      c
  347.06710156577725    313.64162572729600    345.55154120720294      c
  347.47150295821478    313.60383120463825    342.70372392494431      c
  347.39591391289935    316.17952792376138    341.46973276016996      c
  347.24851527453427    315.95654024008093    338.63136410857572      c
  348.44660164278372    314.37483946685563    337.99263667566038      h
  345.30965626219358    315.45198336260046    338.05121818577987      h
  347.80409475760268    317.64406567674780    337.56555856962825      h
  349.31965511617693    312.71943937444780    342.25207937918464      h
  346.07310561987936    312.37361949212971    341.76075058463437      h
  347.61512214431406    311.81615028292845    346.38680015793841      h
  345.04131515132383    313.87973122003962    345.97861931323513      h
  350.60277916040627    315.56158747830779    346.10901041640420      h
  348.55242630622536    315.79969297105140    348.73384001498238      h
  345.24540557367550    319.12183151266436    347.06899129191015      c
  343.77330891615759    317.68941910393704    346.73828921865510      h
  345.57799737306340    319.24088425903614    349.12501332448971      h
  344.47439731145818    320.94352750476611    346.45105084645655      h
  349.85255788565064    320.28590281052192    346.46994810778534      c
  350.31176133594192    320.01945142578506    348.48250643930857      h
  351.58354702337397    319.90417813167903    345.37768640297747      h
  349.35367018656888    322.27767415458339    346.20160699691559      h
  347.22772828707252    320.59014871791652    339.36457784813535      h
  346.24885015023779    323.43418654790941    344.31566031629575      h
  346.62868510294777    325.36737638185139    337.96429078366708      c
  346.71750223119341    323.44552490470670    337.19706197371556      h
  345.09611720917752    326.37082095841367    336.97974346843370      h
  348.41258657239183    326.32546753122443    337.47107226298391      h
  345.49106997095060    327.58024568346053    344.09078290648239      h
  346.01641383589282    330.12759651059031    338.82789562639584      h
  345.01863843772918    332.26865621914976    344.15314386886757      h
  346.02397274042437    334.87458855639909    338.14948394468991      c
  348.00440572768855    334.37759058345011    337.73563392158798      h
  344.80509938471312    333.53855218044890    337.13092155906452      h
  345.64413778771439    336.76053523701893    337.39926266993433      h
  344.97895418893864    336.75108660635448    344.42904388426888      h
  345.96161177803913    339.74819225311114    339.46473333317829      h
  344.38935963547829    345.18682406355600    343.43693766450394      h
  343.18560408883013    344.01897331343270    340.55321558572041      h
  348.84344413068976    345.02241788999498    341.47540193856861      h
  346.63435428134648    347.24662554840137    340.30944091457820      h
  345.72539601142842    343.65614589591866    336.80777839034107      h
  348.86990029655016    342.72829036467181    337.60524281841879      h
  350.08121474772986    347.47528241048053    337.08745785800812      h
  346.91592347514643    347.99873654928984    336.08212355531299      h
  352.77974366549051    338.62569493017708    352.84210462787576      o
  353.17847587952940    338.26097778653013    351.05064425390020      h
  350.96182712565457    338.36869217610462    352.96115737424753      h
  339.94690546157011    339.18438684703170    354.37691606078010      h
  337.58097598749009    340.64796449016359    343.85583442748964      h
  355.39392492356433    339.74063222450576    343.12276775324074      h
  349.02915170443970    346.25381916094142    334.12507992300851      h
$user-defined bonds
$end
