$coord
  341.46973276016996    340.59478956064396    354.54474787360573      c
  341.23162726742640    341.92137730592964    352.95548819584894      h
  340.95005807362639    341.61335194626929    356.27573701132894      h
  344.20416647445552    339.68583129072590    354.71860267783120      c
  345.38524530750902    341.15036904371226    355.61622259095191      h
  344.33077812535879    338.06822572097582    355.99416781752899      h
  345.55154120720294    338.99608125222267    352.26762788347855      c
  344.68037745994263    339.13781071218909    350.16625242370969      o
  347.93826531303756    338.19672709801205    352.73439023830127      o
  348.74517837177967    337.72996474318927    351.12056412081694      h
  339.55544018755683    340.72896011607884    344.38746990934538      c
  340.17904981140907    338.80710863893410    344.90525486975605      h
  340.68171696275664    341.25808343328680    342.73206981693761      h
  340.18093953754192    342.51097185938994    346.54553715310078      c
  338.64837164377172    343.69771987084215    347.78519749627378      o
  342.63569378416042    342.69994447267851    347.02930704311950      o
  354.84899378100033    339.84078883362258    345.14902954089831      c
  356.57053428805915    340.08078405249898    346.29420357742703      h
  353.69248138767432    341.54154235321960    345.49862887548215      h
  353.30319780429988    337.58823528322284    346.12034877320150      c
  352.90824504252674    335.68717079353991    344.76163568365678      o
  352.42636487864092    337.76775926584702    348.37479204973414      o
  348.47683726090992    346.60789811548602    336.07456465078144      c
  347.56032008646037    344.30432195949845    337.59201473548859      c
  347.06899129191015    345.14902954089831    340.33967653270435      c
  344.77297404045407    343.99062742143946    341.66248482572433      c
  345.01296925933053    341.43571768977802    342.74151844760200      n
  343.69016096631060    341.84389853448130    345.67815285810633      h
  345.27753091793454    339.51764566489908    341.26186288555255      c
  345.13202200570231    336.95328730257324    342.19727732133094      c
  345.30020763152913    334.79144060655210    340.78187244779957      c
  345.09233775691177    332.34046581219940    341.98373826831488      c
  345.46461380509021    330.09547116633127    340.76864436486937      c
  345.50996723227951    327.66150390717456    341.95917182858733      c
  346.11845904706860    325.44485515329967    340.74596765127478      c
  346.35656453981221    323.15828653250810    342.25018965305173      c
  347.00096115112626    320.81502612772988    341.39792316712033      c
  347.33166322438126    318.45286846162281    342.81143831451874      c
  347.64157831017445    318.50200134107786    345.71972683302977      c
  348.55620575849116    315.90551763449298    346.69293579146586      c
  347.06521183964435    313.70776614194699    345.59122545599354      c
  347.49228994567648    313.65107435796040    342.74718762600065      c
  347.39402418676644    316.22299162481778    341.49807865216326      c
  347.26741253586312    315.98866558433997    338.65971000056902      c
  348.48439616544147    314.42019289404482    338.02665174605232      h
  345.33611242805398    315.47088062392930    338.06633599484292      h
  347.81165366213418    317.68374992553834    337.59957364002020      h
  349.34989073430307    312.77613115843440    342.31255061543698      h
  346.09956178573981    312.40574483638881    341.80799373795651      h
  347.62835022724425    311.89740850664253    346.45105084645655      h
  345.03375624679228    313.92319492109596    345.99940630069688      h
  350.56687436388142    315.69575803374266    346.16381247425790      h
  348.49195506997302    315.90740736062588    348.77541398990587      h
  345.12068364890501    319.14639795239185    347.04631457831550      c
  343.67126370498175    317.70453691300014    346.66270017333972      h
  345.40981174723652    319.24088425903614    349.10989551542667      h
  344.34589593442189    320.96809394449360    346.43404331126055      h
  349.69949006888692    320.41818363982389    346.51341180884174      c
  350.12089899652045    320.17818842094744    348.53919822329516      h
  351.46071482473639    320.07047403137295    345.45705490055866      h
  349.15524894261586    322.39672690095517    346.21483507984584      h
  347.25985363133157    320.63361241897286    339.36268812200245      h
  345.99562684843107    323.45119408310535    344.25707880617631      h
  346.65136181654242    325.42973734423663    337.93594489167384      c
  347.07466047030874    323.53434203295234    337.21217978277861      h
  345.02997679452648    326.16862026219491    336.86258044819476      h
  348.28219546922270    326.64672097381498    337.49752842884436      h
  345.15280899316406    327.59914294478938    343.99818632597095      h
  345.87468437592639    330.14271431965341    338.74852712881466      h
  344.67470828154404    332.32534800313636    344.00763495663540      h
  345.77830834314926    334.85380156893734    337.97940859273018      c
  347.70771872482544    334.19806660082600    337.54855103443225      h
  344.44794114559772    333.61981040416305    336.95895648097195      h
  345.56476929013314    336.76998386768338    337.23674622250610      h
  344.79376102791582    336.79832975967668    344.22495346191727      h
  345.52130558907680    339.80299431096483    339.21906893590318      h
  344.25140962777760    345.21894940781505    343.25741368187977      h
  343.15158901843819    344.03409112249579    340.33967653270435      h
  348.77919344217162    344.85234253803526    341.49240947376461      h
  346.70616387439605    347.20127212121213    340.32455872364130      h
  345.77830834314926    343.60701301646367    336.75108660635448      h
  348.91525372373940    342.72073146014031    337.58634555708994      h
  350.09444283066006    347.46394405368324    337.08745785800812      h
  346.92537210581082    347.99873654928984    336.10102081664184      h
  353.05375395475897    339.16048742578369    352.87800942440060      o
  352.84588408014150    338.98663262155821    350.99962164831231      h
  351.47205318153368    339.85401691655272    353.46571425172800      h
  339.98932570705978    339.17086653884149    354.39105876516390      h
  337.56555967859862    340.66312342131926    343.85943274525317      h
  355.37593856179330    339.73592420062897    343.16053393775678      h
  349.03222087461501    346.25295370071211    334.12306633896566      h
$user-defined bonds
$end
