$coord
  114.51929337900286    110.85511440733761    122.12733079000046      c
  114.01284677538951    112.45004326349309    120.88578072069460      h
  114.33221049184719    111.52785691064490    124.08130761140423      h
  117.27640380688302    110.04631162246255    121.66812733970926      c
  118.51606415005601    111.45037813919657    122.59220341869035      h
  117.65434903346015    108.28508686661313    122.68102054693597      h
  118.50283606712581    109.66836639588541    119.01873130140358      c
  117.24427846262397    109.93859723288807    116.97782707788708      o
  120.79696359244898    109.06554375949490    119.06786418085862      o
  112.55964737920046    111.07810209101811    112.14957680836427      c
  113.06231453054804    109.34144377489621    113.17569809852118      h
  113.73316730772244    111.22550072938319    110.44504383650143      h
  113.00940219882723    113.50828989790905    113.66891661920434      c
  112.35933640911458    115.55108384755843    112.81665013327290      o
  114.19992966254520    113.37600906860706    115.85155030268724      o
  115.08621121886857    111.72627815459788    116.31264347911134      h
  128.03272495526809    110.31654245946520    112.75995834928634      c
  129.56907230130412    111.36345073708384    113.68592415440030      h
  126.27716937781733    111.42392197333619    112.98861521136548      h
  127.56596260044535    107.81076560725883    113.98072143113046      c
  126.41700911165088    106.06843811273826    113.02640973402320      o
  128.40500100344656    107.54053477025619    116.37878389376235      o
  129.31206954723169    109.04097731976738    116.96648872108977      h
  121.43947047763010    116.94759145976093    103.67793455463793      c
  120.47571014985841    114.70070708775989    105.25585587559743      c
  119.89934367932830    115.67013659393022    107.94493616269371      c
  117.79229904116080    114.33976939637873    109.41325336794586      c
  118.33842989356475    111.77919048631870    110.41291849224235      n
  118.31953263223591    111.54675417197375    112.33665969551994      h
  118.34409907196341    109.70994037080889    108.99940334484390      c
  118.26851002664799    107.23439913672871    109.93481778062230      c
  118.32898126290031    105.03475791804982    108.45705194470573      c
  118.15134700640908    102.63669545541795    109.65513831295522      c
  118.42157784341171    100.35390628689208    108.40980879138358      c
  118.49149771032849     97.96907190719041    109.60789515963309      c
  119.08109226378880     95.72218753518938    108.37579372099164      c
  119.35699227919011     93.48286206771989    109.89135407956593      c
  119.97493272464372     91.12448385387860    109.01074170164122      c
  120.32453205922756     88.78689262749907    110.40724931384371      c
  120.63822659728658     88.80578988882792    113.31364810622183      c
  121.52261842747707     86.18662946864841    114.25095226813310      c
  119.99382998597257     84.02478277262723    113.12845494519904      c
  120.41523891360606     83.99265742836819    110.28441711520614      c
  120.36610603415104     86.56457469522555    109.05231567656470      c
  120.26784027524100     86.36048427287390    106.21583675110335      c
  121.45458828669318     84.76744514285130    105.59411685338398      h
  118.33276071516609     85.87860410898806    105.60923466244707      h
  120.85554510256843     88.04611998340789    105.16703874735182      h
  122.26150134543533     83.11204505044348    109.83466229557936      h
  119.01873130140358     82.77567379878982    109.32065678743446      h
  120.53618138611075     82.19552787599395    113.96182416980160      h
  117.96615384538627     84.25721908697219    113.54797414669966      h
  123.52572812833586     85.95230342817059    113.71049059412782      h
  121.46592664349049     86.16584248118667    116.33154074044020      h
  118.13056001894734     89.47097348760366    114.65346393443774      c
  116.66413253982806     88.04423025727500    114.27551870786063      h
  118.43291620020902     89.54845225905198    116.71326541928310      h
  117.36333120899576     91.30400783650275    114.06575910711031      h
  122.72826370025808     90.68606739104914    114.10922280816668      c
  123.15912125855603     90.42150573244514    116.12934004422144      h
  124.48192955157599     90.32323997353508    113.04341726921918      h
  122.21236846598032     92.67594900897772    113.83710224503115      h
  120.17335396859671     90.94684959738736    106.96794775199183      h
  119.04707719339687     93.77199016605140    111.90580213722203      h
  119.54029571408003     95.70329027386052    105.56010178299204      c
  119.82186490787997     93.79844633191179    104.79854215143912      h
  117.94914631019030     96.57067456885503    104.54153939736666      h
  121.24482868594286     96.81444923999727    105.11412641563102      h
  118.20236961199699     97.91049039707094    111.65446856154823      h
  118.71259566787612    100.38414190501825    106.36890456786708      h
  117.86977781260912    102.60834956342467    111.69793226260460      h
  118.66724224068685    105.14247230762432    105.63569082830746      c
  120.64767522795101    104.72106337999080    105.13302367695988      h
  117.46726614630447    103.74785442155471    104.67004077440291      h
  118.19859015973121    107.00763200078244    104.87602092288742      h
  118.08520659175808    107.03786761890861    111.98139118253745      h
  118.33842989356475    110.06709860992429    106.96794775199183      h
  117.24805791488974    115.47927425450878    111.05731510355636      h
  116.08965579543084    114.20748856707674    108.22083617809501      h
  121.64923007838038    115.71360029498659    109.07877184242510      h
  119.24927788961563    117.64301067666283    107.77675053686690      h
  118.71637512014189    113.96938307433315    104.39225103286870      h
  121.83820269166897    113.11900631453460    105.34089355157730      h
  123.03628905991847    117.83009356381852    104.69838666639619      h
  119.88989504866386    118.33465044129898    103.65147838877753      h
  125.45135905774630    108.59878140467215    120.60232180076176      o
  125.70458235955299    108.31721221087219    118.77495663026134      h
  123.54273566353183    108.52697181162249    120.60421152689463      h
  112.99797114550913    109.47292949632042    121.99344393252301      h
  110.59821214693781    110.99247865911948    111.52650168085573      h
  128.42885242715550    110.10059336943962    110.75017448690105      h
  122.01356849839271    116.57783341249007    101.73461970469569      h
$user-defined bonds
$end
