$coord
  109.17892732746803    115.11455711086184    115.23360985723365      c
  109.02774923683718    116.33909964497174    113.55364332509831      h
  108.50051564576209    116.25217224285900    116.83420789178778      h
  111.90580213722203    114.25473172039888    115.69281330752486      c
  112.66736176877494    115.13723382445647    117.41246408845079      h
  111.95115556441127    112.24784256727432    116.15012703168317      h
  114.03930294124991    114.57787488912231    113.72938785545666      c
  116.20870854180262    114.25851117266465    114.67236119576661      o
  113.62734264428084    115.06731395753970    111.41636306880464      o
  111.40880416427309    115.11266738472895    109.63057187322771      h
  107.36856969216359    115.13534409832359    104.92515380234246      c
  108.15469576344401    113.24372823930506    104.55665720642976      h
  108.22083617809501    116.41090923802139    103.51730783334266      h
  108.34177865059971    115.93658797866709    107.48573271240249      c
  107.43848955908037    117.49183258603199    108.90869649046539      o
  110.53575069087994    114.72716325362029    107.92792862749774      o
  122.61299040615208    114.33410021798008    105.84734015519065      c
  123.59753772138549    112.78641451514673    106.82243883975964      h
  123.23282057773858    116.12934004422144    106.68070937979323      h
  119.80107792041824    113.87489676768885    106.25930045215972      c
  118.70314703721168    111.93036857694953    105.72072850428731      o
  118.63322717029492    115.84399139815571    107.38746695349245      o
  116.95326063815958    115.30730917641618    107.98273068535143      h
  116.21248799406840    121.08609169078046     96.74830882534629      c
  115.27518383215713    118.79763334385596     98.26386918392056      c
  114.64590502990620    119.68391490017933    100.96239810168126      c
  112.49539669068234    118.27228947891376    102.26063995497370      c
  113.04152754308630    115.68336467686042    103.14314205903131      n
  112.82798849007023    115.38667767399738    105.04609627484714      h
  113.06609398281381    113.63679127494527    101.71639882870264      c
  113.10577823160440    111.17636784992817    102.70850504846760      c
  113.01507137722589    108.94649101312311    101.30443853173355      c
  113.07176316121246    106.58811279928183    102.59701120662734      c
  113.20026453824869    104.27886746489557    101.39136593384632      c
  113.37789879473993    101.91482007265562    102.62724682475351      c
  113.90324265968215     99.64714871319286    101.41971182583958      c
  114.21693719774117     97.43616913771665    102.97117698093871      c
  114.81598038186591     95.06456284094516    102.12646939953882      c
  115.19581533457594     92.76287641109046    103.57588934346211      c
  115.58698864408325     92.86303189613339    106.47094977904291      c
  116.51484417533010     90.27599682021295    107.45171764201055      c
  114.97093792476254     88.07257614926829    106.43315525638521      c
  115.29030164122021     87.96675148582669    103.57777906959500      c
  115.18636670391150     90.50654340842499    102.28142694243544      c
  114.97282765089543     90.23442284528946     99.45061719537276      c
  116.04619209437446     88.56390494381856     98.83267674991913      h
  112.99050493749839     89.86025707097811     98.92149387816477      h
  115.61722426220943     91.86147704570399     98.33945822923599      h
  117.12522571625216     87.08235965563621    103.08078109664608      h
  113.86355841089154     86.71953223812217    102.70094614393605      h
  115.56053247822285     86.27166714462827    107.29298064684816      h
  112.95837959323933     88.29745355908169    106.91503542027104      h
  118.50472579325869     90.04356050586802    106.86023336241736      h
  116.52240307986165     90.30623243833911    109.53230611431766      h
  113.10766795773729     93.53955385170646    107.85989848671386      c
  111.64124047861804     92.09958253844759    107.54242449638907      h
  113.46104674458689     93.66238605034403    109.91025134089477      h
  112.31209325579243     95.35747039154244    107.25140667192468      h
  117.68080519932055     94.77921419487944    107.17392790047637      c
  118.17591344613659     94.55622651119893    109.18459650586669      h
  119.40612515864514     94.42016622963118    106.06087920820673      h
  117.13278462078371     96.75964718214360    106.89046898054353      h
  114.97282765089543     94.83968543113177    100.08556517602233      h
  113.95237553913718     97.76687121097163    104.98562503859479      h
  114.29063651692370     99.55077268041569     98.59646098330843      c
  114.32654131344853     97.61758284647367     97.85757806535015      h
  112.79964259807694    100.59012205350278     97.58734722834750      h
  116.10855305675969    100.44650286740348     98.11080136715682      h
  113.21538234731177    101.89592281132677    104.68893803573175      h
  113.24372823930506    104.26185992969960     99.32778499673518      h
  113.08877069640843    106.63346622647107    104.66248186987134      h
  112.87523164339235    108.95027046538888     98.46606988013933      c
  114.64968448217198    108.23406426102521     97.64403901233408      h
  111.34455347575498    107.71627930061454     97.79332737683204      h
  112.52563230880851    110.83999659827452     97.71395887925084      h
  113.18325700305272    111.01952058089866    104.76263735491429      h
  113.02074055562456    113.97316252659891     99.68305350971768      h
  111.89446378042472    119.30407994746932    103.95950374843788      h
  110.85322468120472    118.19670043359832    100.97562618461146      h
  116.35232772790194    119.65178955592027    102.15859474379788      h
  114.01095704925663    121.66812733970926    100.85846316437255      h
  113.54230496830100    118.05497097363191     97.35680064013545      h
  116.65846336142941    117.23294010582664     98.34134795536887      h
  117.81119630248966    121.96292461643942     97.77065066323740      h
  114.65157420830487    122.46181231552123     96.73886019468185      h
  120.09209574488263    113.57065086029426    111.86233843616566      o
  119.89367450092963    114.99172491222427    110.72850275643427      h
  118.50472579325869    113.71615977252647    112.94893096257491      h
  107.72784295114614    113.66085344866212    115.07907199044124      h
  105.35161856720507    115.11540061323829    104.50767018122382      h
  123.12554550247475    114.21380667496557    103.85595900289614      h
  116.77657377937857    120.72446243732668     94.80053736369361      h
$user-defined bonds
$end
