$coord
  109.14491225707609    115.09754957566587    115.29030164122021      c
  108.98050608351505    116.33720991883887    113.62356319201507      h
  108.49673619349632    116.21815717246706    116.91357638936898      h
  111.87934597136163    114.21693719774117    115.62289344060808      c
  112.47838915548637    114.35488720544183    117.60710588013801      h
  112.11556173797233    112.22894530594547    115.08432149273567      h
  113.90702211194792    115.49628178970475    113.98639060952912      c
  115.98194140585636    115.94414688319864    115.07865231433702      o
  113.48750291044730    115.82887358909261    111.65068910928245      o
  111.44281923466504    115.48116398064165    109.75718352413105      h
  107.36667996603072    115.10888793246318    105.00830175218942      c
  108.10556288398899    113.17947755078696    104.76263735491429      h
  108.27941768821447    116.27862840871940    103.55321262986749      h
  108.31154303247354    116.02918455917849    107.55565257931927      c
  107.30998818204414    117.56931135748030    108.92570402566136      o
  110.56787603513898    114.95393038956657    108.05076082613530      o
  122.69046917760038    114.46638104728207    105.83600179839334      c
  124.11721240792906    115.58887837021615    106.84133610108849      h
  120.86688345936574    115.48116398064165    105.97584153222687      h
  122.39567190087024    111.98328090867034    107.15314091301464      c
  123.10053974843656    111.56565143330261    109.27719308637809      o
  121.14845265316569    110.16536436883433    105.74340521788194      o
  122.32008285555480    108.66492181932314    105.72072850428731      h
  116.19925991113821    121.07664306011604     96.75019855147916      c
  115.24494821403096    118.79196416545732     98.26764863618634      c
  114.59488242431829    119.69525325697666    100.95861864941548      c
  112.43303572829711    118.30441482317281    102.27008858563812      c
  112.94893096257491    115.71737974725237    103.19416466461919      n
  112.73539190955881    115.45848726704703    105.11223668949813      h
  112.97160767616951    113.66513716693856    101.78253924335363      c
  112.95082068870778    111.19337538512414    102.76708655858705      c
  112.95837959323933    108.96727800058484    101.34979195892282      c
  112.96026931937222    106.59567170381337    102.62724682475351      c
  113.19837481211580    104.30343390462308    101.40837346904227      c
  113.38167824700571    101.93182760785159    102.63291600315218      c
  113.94859608687140     99.67927405745191    101.41593237357382      c
  114.28118788625927     97.46073557744417    102.95416944574274      c
  114.86322353518806     95.08534982840692    102.10568241207707      c
  115.24305848789807     92.78366339855219    103.55888180826614      c
  115.64745988033560     92.89137778812668    106.45205251771405      c
  116.57720513771532     90.30623243833911    107.43659983294748      c
  115.01629135195178     88.10659121966023    106.44449361318252      c
  115.30730917641618     87.98753847328844    103.58533797412653      c
  115.21471259590479     90.51977149135520    102.27575776403678      c
  114.97660710316120     90.23820229755525     99.45061719537276      c
  116.02540510691273     88.54878713475547     98.83078702378626      h
  112.98672548523261     89.88482351070562     98.93850141336074      h
  115.63234207127250     91.85013868890668     98.32434042017290      h
  117.13089489465082     87.08424938176910    103.07889137051318      h
  113.86355841089154     86.74976785624834    102.72551258366357      h
  115.60966535767788     86.30757194115310    107.30242927751259      h
  113.00751247269436     88.33524808173939    106.94716076453010      h
  118.55952785111236     90.06245776719688    106.83188747042408      h
  116.59988185130996     90.34969613939549    109.51718830525456      h
  113.17380837238829     93.57923810049707    107.84478067765077      c
  111.69793226260460     92.14871541790262    107.52163750892734      h
  113.52718715923791     93.68884221620442    109.89513353183170      h
  112.39146175337363     95.40471354486458    107.24762721965891      h
  117.74883534010443     94.80378063460695    107.13991283008443      c
  118.22693605172451     94.60157993838818    109.15625061387341      h
  119.47604502556190     94.41827650349828    106.04198194687787      h
  117.21215311836491     96.78232389573823    106.82432856589253      h
  114.99739409062293     94.85669296632774    100.06288846242769      h
  114.02985431058548     97.78576847230050    104.97050722953172      h
  114.32843103958142     99.59801583373782     98.58890207877690      c
  114.36433583610624     97.66671572592870     97.84623970855283      h
  112.82798849007023    100.63736520682494     97.59679585901193      h
  116.14067840101876    100.49941519912429     98.09190410582798      h
  113.18136727691983    101.89592281132677    104.69271748799753      h
  113.34388372434799    104.31099280915461     99.34857198419692      h
  112.85444465593061    106.61834841740800    104.68893803573175      h
  113.00751247269436    108.98806498804659     98.50953358119570      c
  114.86511326132094    108.36445536419433     97.80655545976224      h
  111.57887951623280    107.69738203928570     97.72718696218105      h
  112.62200834158568    110.87023221640069     97.74986367577566      h
  112.85822410819640    111.02896921156308    104.82121886503374      h
  112.97727685456817    113.99394951406066     99.74730419823580      h
  111.83399254417236    119.36644090985453    103.95005511777347      h
  110.79653289721816    118.21370796879430    100.98129536301012      h
  116.29563594391537    119.69147380471088    102.16804337446230      h
  113.95237553913718    121.67568624424081    100.83767617691080      h
  113.51206935017481    118.05119152136614     97.36246981853411      h
  116.62255856490458    117.22727092742799     98.36213494283062      h
  117.79607849342658    121.94402735511056     97.78576847230050      h
  114.64401530377332    122.45614313712257     96.74263964694762      h
  119.60454640259813    112.93759260577760    113.39301660380303      o
  118.73905183373651    112.52374258267562    111.83588227030525      h
  118.39512167755132    114.18859130574788    114.13756870015997      h
  107.70231063334128    113.64038958692089    115.09442545744703      h
  105.36201643300851    115.10756559504034    104.53490495481347      h
  123.15230157509711    114.25322763305282    103.83999112317240      h
  116.77233910216124    120.72247733135728     94.80368139656882      h
$user-defined bonds
$end
