$coord
  341.39792316712033    340.63825326170030    354.67135952450906      c
  341.28453959914714    341.96862045925178    353.07265121608782      h
  340.74596765127478    341.66626427799008    356.35321578277734      h
  344.10779044167833    339.71039773045345    355.00017187163115      c
  345.12446310117082    340.98785259628414    356.30219317718939      h
  344.15692332113338    337.87736338155435    355.93558630740961      h
  345.83311040100290    339.63291895900511    352.66069091911874      c
  345.47028298348886    341.26186288555255    350.93159150752842      o
  347.60567351364966    338.05310791191272    352.71738270310533      o
  339.60646279314471    340.52297996759427    344.26085825844206      c
  340.20172652500366    338.53120862353279    344.29298360270116      h
  340.59289983451106    341.40737179778472    342.66026022388792      h
  340.58156147771371    341.72862524037532    346.66836935173842      c
  339.64425731580241    343.48040136556028    347.79653585307108      o
  342.77931297025970    340.59101010837816    347.23906664386982      o
  343.68449178791195    341.11635397332032    348.93982016346695      h
  355.00962050229560    339.79165595416754    345.14902954089831      c
  356.63289525044439    340.44928064841167    346.26018850703508      h
  353.42036082453876    341.09745671199153    345.49484942321641      h
  354.11955949370645    337.23107704410751    345.95027342124177      c
  353.01784915823413    335.68339134127410    344.63880348501920      o
  354.54474787360573    336.67549756103909    348.40691739399318      o
  353.60366425942868    335.10702487074400    348.69982494459043      h
  348.46927835637837    346.62679537681487    336.06133656785130      c
  347.52063583766983    344.36290346961789    337.60902227068459      c
  346.93671046260812    345.27942064406744    340.31133064071111      c
  344.78053294498557    343.92826645905416    341.66815400412293      c
  345.26808228727009    341.32800330020353    342.55821501271208      n
  344.89769596522450    341.01808821441028    344.44605141946482      h
  345.37768640297747    339.30410661188301    341.09934643812437      c
  345.18115488515735    336.83234483006862    342.04043005230142      c
  345.30398708379494    334.61191662392793    340.61368682197275      c
  345.10745556597482    332.24408977942227    341.86468552194310      c
  345.41926037790097    329.94240334956754    340.67226833209224      c
  345.50051860161500    327.58024568346053    341.91381840139809      c
  346.09011315507536    325.31824350239640    340.71762175928149      c
  346.36790289660956    323.09970502238866    342.26152800984903      c
  346.98584334206316    320.73376790401579    341.40359234551897      c
  347.33733240277991    318.40751503443357    342.81521776678454      c
  347.63968858404155    318.44341983095842    345.72161655916267      c
  348.54486740169381    315.83370804144334    346.66647962560552      c
  347.02552759085376    313.66052298862485    345.56098983786740      c
  347.44315706622149    313.61516956143561    342.71506228174161      c
  347.38457555610205    316.17952792376138    341.46973276016996      c
  347.28630979719202    315.96787859687822    338.63136410857572      c
  348.43904273825223    314.34649357486234    338.01531338925503      h
  345.34178160645268    315.53324158631455    338.02287229378652      h
  347.91369887331001    317.64028622448200    337.58067637869129      h
  349.29319895031654    312.73644690964375    342.26719718824774      h
  346.05231863241761    312.38873730119280    341.75697113236856      h
  347.57543789552346    311.83882699652310    346.39813851473576      h
  344.99785145026743    313.88540039843821    345.97672958710223      h
  350.54608737641973    315.61449981002858    346.12034877320150      h
  348.49762424837166    315.82047995851315    348.74706809791257      h
  345.12068364890501    319.09159589453816    347.05009403058131      c
  343.65236644365291    317.67430129487394    346.64002345974507      h
  345.40414256883787    319.13883904786030    349.11556469382526      h
  344.36668292188364    320.93596860023456    346.48128646458269      h
  349.70515924728562    320.34826377290710    346.52475016563903      c
  350.10956063972316    320.10826855403064    348.55431603235826      h
  351.47394290766653    319.99110553379171    345.48729051868486      h
  349.17414620394476    322.33058648630418    346.22806316277604      h
  347.17670568148458    320.54101583846142    339.36268812200245      h
  346.05987753694922    323.41528928658056    344.27219661523941      h
  346.53419879630349    325.25210308774541    337.90004009514900      c
  346.81009881170479    323.33403106286647    337.17060580785511      h
  344.93549048788225    326.10059012141102    336.87958798339076      h
  348.23495231590056    326.35381342321773    337.42382910966177      h
  345.21139050328355    327.55378951760008    343.96228152944610      h
  345.73484464209287    329.94240334956754    338.63514356084153      h
  344.78998157565007    332.26109731461821    343.90370001932666      h
  345.71594738076396    334.67994676471181    337.80555378850465      c
  347.70771872482544    334.27743509840718    337.35201951661213      h
  344.54998635677356    333.26454189118050    336.83234483006862      h
  345.22839803847955    336.52809892267402    337.02131744335713      h
  344.83533500283932    336.66793865650754    344.06621646675484      h
  345.59311518212644    339.66315457713125    339.07922920206960      h
  344.23818154484746    344.98651309347014    343.37079724985296      h
  343.11001504351469    343.89236166252937    340.41526557801973      h
  348.66392014806559    345.23406721687815    341.48107111696731      h
  346.33955700461627    347.27308171426176    340.19983679887082      h
  345.76508026021907    343.63157945619116    336.73785852342428      h
  348.88312837948035    342.78498214865840    337.67894213760138      h
  350.07176611706541    347.49795912407518    337.08178867960953      h
  346.91781320127927    348.01007490608714    336.05188793718679      h
  352.46226967516571    338.27987504785898    352.99139299237373      o
  352.71549297697243    337.99830585405903    351.16402782187333      h
  350.55364628095123    338.20806545480934    352.99328271850658      h
  339.96344565561049    339.18006537809941    354.42898683202259      h
  337.59468945556449    340.60302399959346    343.82595235124631      h
  355.43069090843579    339.71992787236445    343.13400176135661      h
  349.03166601637372    346.25698711403879    334.11461005248282      h
$user-defined bonds
$end
