$coord
  341.37335672739277    340.64014298783314    354.65813144157886      c
  341.06911081999817    342.05176840909877    353.15957861820056      h
  340.81966697045732    341.53965262708675    356.45148154168737      h
  344.14747469046893    339.83322992909098    354.73749993916005      c
  345.15469871929696    340.81399779205867    356.26628838066455      h
  344.30054250723265    337.82823050209930    355.21938010304586      h
  345.81421313967411    340.15259364554868    352.36211419012278      c
  344.90714459588895    339.82945047682523    350.18514968503854      o
  348.10267148659858    340.61368682197275    352.92336285158984      o
  339.53465320009508    340.92360190776600    344.63502403275339      c
  340.24519022606012    339.09434701113270    345.32288434512378      h
  340.74974710354053    341.56232934068140    343.07599997312275      h
  339.63669841127091    342.98907257101001    346.67214880400411      c
  338.22129353773954    344.80320965858022    346.64191318587797      o
  341.41871015458202    342.88135818143553    348.44093246438513      o
  354.84710405486743    339.84078883362258    345.14525008863257      c
  355.79007739517738    338.30255176145363    346.16003302199215      h
  355.35544038461364    341.67004373025583    345.98239876550093      h
  352.00495595100745    339.38914428786291    345.17170625449296      c
  351.14702028667733    337.22162841344300    345.40792202110367      o
  350.65002231372841    341.39603344098742    344.75596650525813      o
  348.79242152510187    340.97651423948685    344.15881304726628      h
  348.46171945184682    346.58711112802428    336.08968245984454      c
  347.55087145579597    344.27408634137225    337.60713254455169      c
  347.08977827937184    345.06777131718422    340.36613269856474      c
  345.28508982246609    343.35756916692270    341.85523689127859      c
  346.30365220809142    340.87635875444386    342.52986912071879      n
  342.52042049005439    341.36012864446258    348.64502288673674      h
  345.25485420433989    338.89781549331258    341.56988824521289      c
  345.90303026791969    336.34857494004984    342.31066088930407      c
  345.14336036249966    334.19050769629445    341.10123616425722      c
  345.74807272502306    331.75087125873910    342.19727732133094      c
  345.47406243575466    329.50209716060522    340.97462451335394      c
  345.97106040870358    327.09269634117601    342.11979854988260      c
  346.25262960250353    324.82124552944748    340.90659437257005      c
  346.74773784931961    322.59703787104110    342.43538281407456      c
  347.20316184734503    320.23488020493403    341.52453481802365      c
  347.65480639310471    317.87839171722561    342.90403489503018      c
  348.17637080578112    317.93697322734505    345.77641861701636      c
  349.09477770636352    315.32726143782997    346.70427414826315      c
  347.51685638540403    313.14462775434708    345.70082957170092      c
  347.76063105654623    313.08037706582894    342.83411502811339      c
  347.57732762165637    315.64851488042052    341.59256495880754      c
  347.20505157347787    315.43686555353736    338.77120384240931      c
  348.21794478070461    313.76634765206643    338.05310791191272      h
  345.19249324195471    315.12128128934540    338.32144902278253      h
  347.83433037572883    317.07903756301494    337.67138323306978      h
  349.59177567931249    312.21677222310018    342.28420472344368      h
  346.32254946942027    311.82559891359290    341.98940744671353      h
  348.12912765245898    311.33238039290973    346.52475016563903      h
  345.51752613681100    313.36950516416044    346.23373234117469      h
  351.06765178909615    315.07781758828907    346.06365698921496      h
  349.14202085968572    315.34048952076017    348.78486262057027      h
  345.75941108182036    318.63995134877848    347.26174335746447      c
  344.28920415043535    317.18864167872232    347.02552759085376      h
  346.19971727078274    318.79679861780801    349.29319895031654      h
  344.93549048788225    320.44086035341849    346.64947209040952      h
  350.33065859727077    319.80591237276894    346.42648440672900      c
  350.90324561553507    319.53190208350054    348.41069684625893      h
  351.99928677260880    319.44119522912200    345.23217749074524      h
  349.80909418459430    321.79768371683042    346.20160699691559      h
  347.15969814628863    320.04023841324675    339.47418196384274      h
  346.70805360052896    322.93907830109333    344.46494868079367      h
  346.20349672304849    324.56235304924212    338.06822572097582      c
  344.98084391507149    322.98821118054838    337.47296198911681      h
  345.55154120720294    326.27822437790229    337.11013457160277      h
  348.11212011726298    324.11637768188109    337.35957842114368      h
  346.20160699691559    327.09836551957460    344.17960003472797      h
  344.87312952549701    329.51721496966826    338.99797097835551      h
  346.47750701231695    331.75276098487200    344.13235688140583      h
  343.76386028549314    334.19428714856025    338.61435657337978      c
  345.00541035479898    333.45540423060191    337.11013457160277      h
  342.11034991921821    332.94328844858995    338.65026136990457      h
  343.14780956617244    336.09157218597744    338.07200517324156      h
  347.10867554070069    336.19361739715328    343.97739933850920      h
  343.70527877537370    339.15670797351794    340.19983679887082      h
  344.80509938471312    344.28731442430245    343.65803562205156      h
  343.51441643595223    343.13647120937515    340.76486491260357      h
  348.90769481920785    345.21705968168220    341.37146700125987      h
  346.22995288890894    346.96694608073432    340.36802242469764      h
  345.75941108182036    343.57110821993882    336.78699140287932      h
  348.90769481920785    342.68671638974837    337.58067637869129      h
  350.07176611706541    347.45260569688594    337.10824484546987      h
  346.90080566608333    347.96850093116370    336.11802835183784      h
  351.95204361928666    339.02820659648171    350.51396203216069      o
  351.19426343999947    338.22696271613819    349.05320373144008      h
  350.39868873805466    339.77275869283869    351.39079495781959      h
  339.94768325931585    339.17207030880979    354.42361080603087      h
  337.60357202847837    340.72392548729954    343.94666584640839      h
  355.37592307236372    339.73581235372257    343.15725800052621      h
  349.02522877498899    346.24928244289731    334.13747571382390      h
$user-defined bonds
$end
