$coord
  568.21230226671969    567.38082276824991    581.37046533000239      c
  568.01010157050086    568.71496941806731    579.78687483064425      h
  567.65294333138547    568.38048789254651    583.10334419385856      h
  570.95807433780249    566.53233573458431    581.60857082274595      c
  572.10891755272985    568.10647760327811    582.34934346683713      h
  571.10736270230041    565.03000345894020    583.02019624401157      h
  572.28277235695532    565.68951787931735    579.21995699077854      c
  571.55333806966144    565.91817474139646    577.06944865155469      o
  574.55989234708250    564.56702055638323    579.73396249892335      o
  575.07767730749310    563.72042324885047    578.17871789155856      h
  566.30367887250520    567.57924401220305    571.18862092601455      c
  566.94429603155345    565.76321719849989    571.95962918823193      h
  567.41105838637623    567.94396115584993    569.46897014508863      h
  567.06523850405802    569.62770714025100    573.01976554878070      c
  569.10803245370744    569.59747152212481    574.06478410026648      o
  565.44574320817503    571.57601478325603    573.30322446871355      o
  566.29989942023940    572.79488813896739    574.39548617352148      h
  581.70683658165603    566.60603505376685    571.92750384397289      c
  583.19027159597124    567.58113373833578    573.00653746585044      h
  579.94561182580662    567.71152484150502    572.13537371859024      h
  581.24952285749771    564.04167669144101    573.07078815436853      c
  581.60857082274595    563.51822255263176    575.27798827757897      o
  580.25363718546703    562.26911357879430    571.46830039368160      o
  581.50463588543721    560.80835527807369    571.41349833582797      h
  575.23263485038979    573.37881351402893    562.81902388346407      c
  574.28210260554829    571.09980379776891    564.33836369430401      c
  573.70762586115109    572.00120316315531    567.04634124272911      c
  571.48908738114335    570.71618939279313    568.35781117895181      c
  571.88781959518224    568.10647760327811    569.28377698406587      n
  571.64782437630572    567.88726937186323    571.18673119988171      h
  571.90482713037818    566.04100694003409    567.84569539693985      c
  571.65349355470437    563.58436296728269    568.77544065431960      c
  571.78199493174066    561.33936832141455    567.34869742399087      c
  571.60625040138223    558.98099010757335    568.59024749329672      c
  571.97852644956072    556.66418586865552    567.40349948184462      c
  572.13348399245729    554.32470491614311    568.65449818181480      c
  572.78732923443579    552.05136437828162    567.47341934876135      c
  573.14448747355118    549.87251014706453    569.03811258679070      c
  573.74542038380878    547.48578604122986    568.18773582699214      c
  574.13659369331617    545.18220988524229    569.60314070052345      c
  574.52020809829196    545.22378386016578    572.50009086223713      c
  575.41026910688106    542.60462343998631    573.43361557188268      c
  573.83801696432010    540.44655619623097    572.36781003293515      c
  574.18194712050536    540.38986441224426    569.51243384614497      c
  574.13659369331617    542.94288441777280    568.25576596777603      c
  573.99297450721690    542.72745563862384    565.42117676844759      c
  575.08334648589187    541.06827609395032    564.80134659686109      h
  572.02387987675002    542.35140013817966    564.84670002405028      h
  574.65626837985974    544.37529682650018    564.35537122950007      h
  576.00742256487297    539.48846504685787    569.01732559932896      h
  572.75520389017674    539.18043968719746    568.58835776716387      h
  574.39170672125567    538.62108075186336    573.19362035300628      h
  571.82356890666415    540.68844114124022    572.83646211389078      h
  577.39826099867673    542.34951041204681    572.84402101842238      h
  575.41026910688106    542.59517480932186    575.51420404418968      h
  572.05411549487621    545.91731335093482    573.90226765283842      c
  570.56123184989644    544.50757765580215    573.56400667505181      h
  572.41316346012445    545.98723321785155    575.95451023315206      h
  571.29255586332329    547.76168605663122    573.33912926523840      h
  576.64237054552257    547.10217163625418    573.21818679273372      c
  577.11480207874399    546.87162504804212    575.23263485038979      h
  578.36769050484713    546.70721887448099    572.12025590952715      h
  576.12836503737765    549.09205325418270    572.92149978987072      h
  573.86258340404777    547.27035726208101    566.14494187734272      h
  572.89315389787737    550.20132249418657    571.05256064444677      h
  573.19551007913913    551.96632670230179    564.65205823236306      c
  573.43172584574984    550.04258549902420    563.92451367120213      h
  571.60436067524938    552.84126990182779    563.64483420353497      h
  574.91327113393208    553.03780141964785    564.15506025941420      h
  571.85191479865739    554.30202820254840    570.70485103599583      h
  572.28088263082248    556.66796532092133    565.36259525832816      h
  571.27743805426019    558.98665928597188    570.62926199068033      h
  572.21285249003859    561.41684709286289    564.54056439052283      c
  574.21407246476440    561.03890186628576    564.10025820156056      h
  571.07712708417432    559.99010386253417    563.55034789689080      h
  571.71963396935541    563.26121979855930    563.75065886697666      h
  571.31145312465208    563.40294925852561    570.80311679490580      h
  572.10513810046405    566.39438572688368    565.82368843475217      h
  570.96374351620113    571.80278191920229    570.04533661561868      h
  569.84124619326712    570.72185857119177    567.07846658698827      h
  575.41593828527971    571.87459151225198    568.23686870644713      h
  573.18039227007603    574.01376149467853    566.94807548381914      h
  572.52276757583184    570.39115649793678    563.45964104251232      h
  575.63325679056163    569.51243384614497    564.38938629989195      h
  576.82945343267818    574.25186698742209    563.84703489975379      h
  573.67927996915773    574.76020331716836    562.81335470506531      h
  579.92104538607907    564.58402809157917    579.97017826553406      o
  580.15726115268978    564.66906576755912    578.14659254729952      h
  578.21084323581761    565.15283565757773    580.31410842171931      h
  566.74922821145901    565.94401575168342    581.17608924366607      h
  564.32352375532287    567.45405405578015    570.63536208633957      h
  582.17258281813417    566.50209733432666    569.92374249324882      h
  575.79996396261549    573.01880466997477    560.87189433780077      h
$user-defined bonds
$end
