$coord
  109.12790472188013    115.10321875406453    115.31675780708062      c
  108.93326293019291    116.46760102200795    113.75962347358283      h
  108.56854578654597    116.07642771250063    117.06286475386695      h
  111.83966172257102    114.17158377055190    115.52084822943226      c
  113.04908644761784    115.72871810404968    116.21815717246706      h
  111.98139118253745    112.68436930397091    116.95137091202669      h
  113.16058028945808    113.39301660380303    113.10388850547152      c
  112.87334191725947    114.31142350438544    111.03463838996174      o
  115.01629135195178    111.59966650369455    113.40624468673322      o
  114.33032076571430    110.20315889149205    114.42669679849146      h
  107.26463475485488    115.36589068653564    105.25963532786322      c
  107.91470054456755    113.55175359896542    106.03820249461209      h
  108.46272112310439    115.85532975495302    103.63636057971445      h
  107.46872517720652    117.55041409615144    107.14558200848309      c
  106.21205729883758    119.44958885970151    107.06999296316766      o
  109.29231089544118    117.36900038739442    108.92192457339560      o
  110.19559998696052    115.77029207897316    108.92003484726270      h
  122.84542672049702    114.51740365286999    105.85111960745643      c
  124.66901243873164    114.71015571842432    106.83566692268984      h
  121.83064378713742    116.31642293137712    106.18938058524294      h
  121.24671841207577    112.52374258267562    107.07377241543344      c
  119.93146902358735    110.96093907077920    106.04387167301076      o
  121.22026224621537    112.65224395971185    109.64379995615791      o
  122.29362668969441    114.03552348898414    110.25040204481419      h
  116.19359073273955    121.10498895210934     96.73130129015031      c
  115.23360985723365    118.83353814038080     98.25064110099036      c
  114.46449132114918    119.77840120682362    100.88869878249872      c
  112.46327134642328    118.18725180293390    102.21528652778446      c
  113.29097139262720    115.64745988033560    102.99952287293199      n
  114.29252624305660    115.53029686009670    104.63602570401096      h
  112.85066520366485    113.50828989790905    101.74663444682881      c
  113.46104674458689    111.10077880461274    102.61023928955754      c
  113.04719672148495    108.81609990995399    101.29876935333490      c
  113.45915701845402    106.50307512330197    102.55354750557098      c
  113.41191386513188    104.15603526625799    101.37246867251744      c
  113.75962347358283    101.84678993187175    102.62724682475351      c
  114.13378924789420     99.52998569295394    101.41215292130805      c
  114.49661666540824     97.35302118786969    102.96550780254005      c
  114.94448175890214     94.93795119004183    102.10946186434285      c
  115.32242698547927     92.65138256925022    103.54376399920305      c
  115.79674824483357     92.73453051909718    106.42748607798654      c
  116.68302980115693     90.11914955118344    107.37234914442936      c
  115.05597560074239     87.95919258129516    106.39725045986037      c
  115.28085301055577     87.85714737011932    103.53242564240574      c
  115.19959478684170     90.39127011431897    102.23796324137906      c
  114.88778997491556     90.13615708637941     99.42038157724657      c
  115.88178592081341     88.43162411451657     98.76842606140103      h
  112.87523164339235     89.82246254832039     98.97251648375268      h
  115.54163521689401     91.74242429933221     98.28654589751520      h
  117.08554146746158     86.95007882633422    102.97495643320447      h
  113.81820498370229     86.63638428827520    102.68582833487297      h
  115.63423179740541     86.13938631532628    107.22306077993140      h
  113.06420425668092     88.21619533536760    106.94716076453010      h
  118.64645525322510     89.83380090511770    106.72039362858381      h
  116.74917021580792     90.14371599091095    109.44915816447069      h
  113.37033989020840     93.47341343705546    107.87501629577694      c
  111.87367679296297     92.05233938512546    107.61801354170450      h
  113.78607963944324     93.61136344475611    109.91214106702766      h
  112.58988299732663     95.29510942915721    107.26274502872201      h
  117.96426411925340     94.58646212932510    107.07566214156631      c
  118.50283606712581     94.34457718431574    109.07121293789356      h
  119.64801010365450     94.17828128462180    105.91726002210741      h
  117.47104559857024     96.58579237791811    106.81299020909522      h
  114.94826121116792     94.69795597116536    100.06477818856058      h
  114.38512282356798     97.70828970085218    104.98940449086057      h
  114.26418035106330     99.41471239884791     98.56811509131515      c
  114.46827077341496     97.48719174330456     97.84434998241996      h
  112.56720628373199    100.25186107571626     97.70828970085218      h
  115.90257290827516    100.51831246045313     97.90860067093806      h
  113.84088169729692    101.87135637159926    104.69460721413041      h
  113.15113165879366    104.10123320840432     99.32589527060229      h
  113.87867621995464    106.55598745502277    104.57177501549285      h
  112.21382749688239    108.78586429182782     98.58323290037823      c
  113.70104196346338    107.95438479335814     97.38703625826162      h
  110.49984589435510    107.64069025529912     98.32056096790714      h
  111.84911035323546    110.68503905537790     97.87080614828034      h
  114.35110775317605    110.97227742757651    104.46972980431701      h
  111.85666925776700    113.77096183038014     99.95706379898611      h
  111.79619802151466    119.16046076137000    103.93115785644460      h
  110.82109933694566    117.94158740565877    100.96050837554839      h
  116.15012703168317    119.97493272464372    102.10379268594419      h
  113.65001935787546    121.68702460103812    100.69972616921015      h
  113.55553305123119    118.03040453390440     97.29632940388312      h
  116.63956610010055    117.30097024661053     98.42638563134874      h
  117.77529150596483    121.99127050843272     97.77065066323740      h
  114.63834612537467    122.48448902911586     96.69161704135971      h
  119.77084230229208    113.50640017177616    114.91802559304173      o
  118.32520181063455    112.83743712073465    113.98639060952912      h
  119.09432034671900    114.91802559304173    115.87800646854764      h
  107.69467263356891    113.63949236600200    115.10197186970187      h
  105.31966841237751    115.18363323857434    104.60643527714066      h
  123.20060263001302    114.26785626663010    103.83757588250496      h
  116.77318159910592    120.72839488676499     94.79093186796720      h
$user-defined bonds
$end
