$coord
  112.37445421817766    111.24628771684493    111.40880416427309      c
  112.95648986710644    109.33766432263043    110.83243769374297      h
  112.87901109565813    112.55397820080179    109.85733900917398      h
  114.04686184578145    111.91714049401934    113.63679127494527      c
  116.09721469996238    110.90613701292551    113.86355841089154      o
  113.35333235501243    113.71615977252647    115.26384547535980      o
  111.69226308420593    114.51362420060421    114.90668723624442      h
  127.28061395437962    109.79497804678876    107.96383342402257      c
  128.82829965721297    108.48161838443323    108.40602933911781      h
  127.67367699001983    111.61100486049186    108.88413005073788      h
  124.78806518510345    108.76885675663185    108.93137320406002      c
  123.26116646973186    110.03497326566524    110.11434176324644      o
  124.23248570203508    106.35945593720267    108.40602933911781      o
  125.69702345502145    105.42026204915850    107.61423408943872      h
  119.09809979898478    118.12489084054867    102.07733652008380      c
  118.45181346153790    115.66824686779735    103.49652084588091      c
  119.12077651257941    116.03485373757715    106.30465387934898      c
  117.66568739025746    114.33598994411295    108.13579850211516      c
  118.36866551169092    111.65446856154823    108.06398890906551      n
  119.81430600334843    111.06865346035367    109.21294239785998      h
  117.22538120129511    109.95560476808404    106.68826828432476      c
  117.70726136518094    107.33266489563877    106.91314569413815      c
  116.62633801717035    105.48262301154372    105.41270314462695      c
  117.02507023120923    102.89369820949038    106.11568126606042      c
  116.42224759481870    100.85468371210678    104.63791543014383      c
  116.89845858030588     98.30355343271117    105.35223190837461      c
  116.87011268831260     96.27587729212487    103.71761880342852      c
  117.49750176443064     93.81167441484199    104.72673255838946      c
  117.55797300068299     91.59691538710001    103.40014481310374      c
  118.08709631789095     89.04200565543863    104.29209554782577      c
  119.34943337465856     88.60547891874204    106.89424843280931      c
  120.16957451633094     85.81624314660283    107.17392790047637      c
  118.12489084054867     83.96053208410913    106.37079429399998      c
  117.60899560627089     84.32713895388895    103.56455098666480      c
  117.41246408845079     87.05968294204159    102.75763792792263      c
  116.31453320524423     87.30534733931673    100.14036723387601      c
  117.01562160054479     85.75199245808471     98.94983977015805      h
  114.24339336360156     87.06724184657313    100.21595627919143      h
  116.70003733635291     89.08924880876076     99.15959937090835      h
  119.12077651257941     83.42762931463538    102.42882558080052      h
  115.86855783788322     83.33881218638975    102.97117698093871      h
  118.70125731107879     81.99899635817384    106.75629842510865      h
  116.38256334602812     84.28745470509836    107.46683545107365      h
  121.85709995299781     85.51199723920824    105.98340043675842      h
  120.76483824818992     85.48932052561361    109.14113280481033      h
  117.55041409615144     89.24042689939161    109.10711773441840      c
  115.88934482534496     87.98753847328844    109.12223554348147      h
  118.54818949431505     88.98153441918629    110.91936509585571      h
  116.84743597471798     91.19062426852960    109.05231567656470      h
  121.79473899061259     90.18717969196733    107.11345666422403      c
  122.83786781596547     89.62404130436740    108.82554854061843      h
  123.03628905991847     89.83002145285194    105.48073328541084      h
  121.45269856056028     92.23186336774960    107.22306077993140      h
  117.06475447999983     91.72730649026913    101.40459401677650      h
  117.93213877499433     93.81545386710776    106.74118061604555      h
  116.32209210977577     96.65193279256911    100.94539056648529      c
  115.97438250132481     94.87370050152371     99.94383571605590      h
  114.67425092189949     97.88403423121055    100.65815219428667      h
  117.95670521472185     97.57789859768307    100.04966037949750      h
  117.46537642017158     97.96718218105751    107.31376763430990      h
  115.61155508381077    101.19483441602620    102.76897628471994      h
  117.93969767952588    102.55543723170386    107.94304643656083      h
  115.11455711086184    106.07599701726981    103.07889137051318      c
  116.05186127277312    105.25774560173033    101.40837346904227      h
  113.22105152571044    105.22562025747128    103.18849548622055      h
  114.92936394983904    108.10367315785611    102.72173313139778      h
  118.95637033901835    106.74873952057709    108.45516221857284      h
  115.77029207897316    110.67748015084635    105.40892369236118      h
  117.95103603632320    114.92747422370617    110.10489313258201      h
  115.64368042806981    114.47771940407938    107.70116149155147      h
  121.17868827129188    115.84021194588992    106.59567170381337      h
  118.60866073056739    117.97749220218358    106.86212308855023      h
  116.40524005962273    115.31675780708062    103.33211467231985      h
  119.45714776423306    113.99961869245932    102.74818929725819      h
  120.97837730120601    118.78440526092575    102.71606395299914      h
  117.68836410385209    119.53273680954847    102.70661532233471      h
  110.32005934117271    111.31871830545728    111.53917922377534      h
  127.17064759308784    109.99134654909550    105.91636450663769      h
  119.10226470049619    118.06241731787750    100.01848687294304      h
$user-defined bonds
$end
