$coord
  464.26791632734484    450.92644982917221    434.95259482788987      c
  464.95199718744942    448.97058328163558    434.78062974979724      h
  464.87640814213404    451.97524783292374    433.25184130829274      h
  465.51324584891648    452.19256633820555    437.16735385563180      c
  464.63641292325752    453.71568560131141    438.62433270408667      o
  467.98878708299668    451.47069095544322    437.34687783825598      o
  468.66908849083546    452.51759923306190    438.70559092780070      h
  479.23454729979915    449.50348605110929    431.40368915033059      c
  479.25155483499509    447.48903799345317    431.86667205288757      h
  481.01277959084450    450.38787788129980    432.00840151285405      h
  477.03301635498735    450.71102105002325    432.76618169214112      c
  475.20187173222121    449.54694975216563    433.60144064287664      o
  477.26734239546516    453.20356981929939    433.04208170754248      o
  475.73855395396066    453.86497396580938    433.83198723108870      h
  471.04069478760698    457.77859678701554    425.50396416346166      c
  470.43220297281783    455.31061445746690    426.90803068019568      c
  471.07093040573318    455.69233913630978    429.71616371366372      c
  469.64985635380316    453.95379109405502    431.53030080123392      c
  470.35850365363524    451.27415943762315    431.41691723326079      n
  471.68131194665523    450.63921145697356    432.67169538549689      h
  469.38529469519915    449.61309016681668    429.85033426909865      c
  469.84638787162328    447.00337837730160    430.07521167891201      c
  468.89774535291463    445.13443923187771    428.49351090568672      c
  469.20388098644213    442.56630141728613    429.27018834630269      c
  468.61617615911467    440.49516157564341    427.81887867624653      c
  468.96010631529992    437.96481828370958    428.63713009178599      c
  468.86373028252268    435.88422981140246    427.06487794922515      c
  469.41553031332535    433.43703446931556    428.14202184496997      c
  469.47789127571059    431.19770900184608    426.84189026554469      c
  470.00512486678565    428.65602735311489    427.75840743999424      c
  471.27124137581905    428.23083897321567    430.35867059884481      c
  472.08571333909276    425.44349292720926    430.64590897104347      c
  470.03725021104469    423.58778186471557    429.85411372136440      c
  469.51946525063403    423.94305037769811    427.04787041402921      c
  469.32860291121261    426.66803546131916    426.22583954622394      c
  468.23823093253759    426.90992040632858    423.60478939991157      c
  468.87695836545294    425.30932237177439    422.44449755431981      h
  466.15953218636338    426.76252176796345    423.68415789749275      h
  468.69932410896166    428.65980680538064    422.59378591881779      h
  471.03313588307543    423.04165101231166    425.91403473429779      h
  467.78280693451211    422.95283388406602    426.45071695603735      h
  470.60983722930905    421.62624613878029    430.24528703087168      h
  468.29492271652413    423.91848393797056    430.95015487843807      h
  473.76756959736093    425.13168811528317    429.44782260279396      h
  472.69042570161616    425.11846003235297    432.60933442311165      h
  469.47789127571059    428.88279448906121    432.57153990045396      c
  467.81304255263831    427.63557524135661    432.59610634018145      h
  470.47755640000707    428.63335063952030    434.38378726189131      h
  468.78058233267575    430.83866103659784    432.50917893806871      h
  473.71843671790594    429.81253974644090    430.56087129506358      c
  474.76534499552463    429.25884998950539    432.27485289759090      h
  474.95998678721179    429.44971232892686    428.93192736851620      h
  473.37261683558785    431.85533369609027    430.66480623237231      h
  469.00545974248917    431.30920284368636    424.84067029081876      h
  469.82749061029443    433.46727008744176    430.16024935489185      h
  468.33460696531472    436.20359352786016    424.28509080775035      c
  467.97555900006648    434.41024342775165    423.31755102771291      h
  466.70566303876728    437.44892304943181    423.96005791289406      h
  469.99189678385545    437.09176481031642    423.39125034689550      h
  469.48733990637498    437.67002100697937    430.61756307905017      h
  467.91697748994699    440.80507666143671    425.90080665136765      h
  469.99945568838700    442.24504797469558    431.15613502692258      h
  467.62218021321689    445.72403378533801    426.02363885000523      c
  468.82026658146634    445.06262963882801    424.45138670744439      h
  465.80237394724799    444.73381729170592    425.86679158097570      h
  467.31415485355649    447.74793047365853    425.72128266874353      h
  470.94242902869689    446.40811464544265    431.72872204518694      h
  468.09839119870401    450.37464979836960    428.42548076490283      h
  469.93709472600176    454.51881920778777    433.50884406236520      h
  467.62595966548258    454.10685891081874    431.12023023039779      h
  473.13829079511004    455.55816858087491    430.00718153812812      h
  470.49834338746882    457.61797006572027    430.26607401833348      h
  468.39507820156706    454.91566169569376    426.72283751917291      h
  471.48478042883511    453.66655272185636    426.16914776223740      h
  472.92286201596107    458.44755983805703    426.12757378731391      h
  469.62528991407561    459.17132494695227    426.15025050090850      h
  462.20948866831611    450.97691450726450    435.00837157736032      h
  479.09583243650621    449.65790448383160    429.35437333979570      h
  471.02258770023565    457.71173984902902    423.44532761462619      h
$user-defined bonds
$end
