$coord
  227.80648531936430    224.33127896098759    235.58648780845448      c
  227.63829969353748    225.62574136201425    233.96321306030572      h
  227.21122158750532    225.38574614313779    237.27401324512138      h
  230.54469848591557    223.49224055798635    235.90963097717793      c
  231.67475471338119    225.07961050961032    236.65418307353488      h
  230.67319986295180    222.00691581753824    237.34582283817102      h
  231.92230883678923    222.64186379818781    233.55881166786818      c
  231.21555126308999    222.79682134108447    231.39696497184701      o
  234.23344389730835    221.62519113869536    234.12195005546812      o
  234.83626653369888    220.82583698448471    232.57426435263477      h
  225.92242836487731    224.48056732548557    225.37440778634047      c
  226.57438388072285    222.57572338353683    225.89219274675114      h
  226.96744691636306    225.03614680855395    223.66798508834472      h
  226.78792293373891    226.25879961653095    227.45310653251468      c
  228.97811552175341    226.13218796562762    228.14474629715082      o
  225.27425230129751    227.96522231452670    228.50001481013334      o
  223.60562412595951    228.22222506859913    227.68176339459384      h
  241.32180662176242    223.53192480677697    226.12462906109607      c
  242.94319164377831    224.24624128500773    227.20744213523955      h
  239.74955447920158    224.88118926565730    226.40619825489603      h
  240.45253260063504    221.06583220336123    227.23956747949859      c
  240.39395109051557    220.64631300186059    229.49967993442982      o
  239.55113323524856    219.19500333180440    225.75613246518338      o
  239.53790515231836    219.46145471654128    223.91931866401850      h
  234.84004598596468    230.32549025450083    217.04638471871343      c
  233.88384456272453    228.05592916890521    218.57706288635080      c
  233.24133767754341    228.99134360468361    221.25669454278267      c
  231.03980673273162    227.66853531166365    222.56249530060666      c
  231.50278963528862    225.08527968800897    223.52436590224545      n
  231.20988208469134    224.90575570538482    225.43676874872571      h
  231.50845881368727    223.00658094183478    222.11840965937853      c
  231.37806771051817    220.55182669521631    223.09161861781462      c
  231.37806771051817    218.29738341868375    221.67999319654905      c
  231.33271428332890    215.94278465710823    222.94044052718374      c
  231.59538621580003    213.62975987045621    221.72156717147251      c
  231.79002800748722    211.27894056114647    222.93855080105089      c
  232.39474037001062    209.01315892781659    221.71967744533961      c
  232.73300134779717    206.81162798300480    223.25413506524279      c
  233.33771371032057    204.43246278170176    222.38675077024828      c
  233.71187948463194    202.12699689958129    223.80215564377960      c
  234.02746374882383    202.16668114837188    226.70855443615773      c
  234.92886311421029    199.55507963272390    227.65908668099920      c
  233.40196439883869    197.38189457990543    226.56115579779268      c
  233.80447606514332    197.33276170045042    223.71333851553399      c
  233.75534318568828    199.88767143211180    222.45667063716502      c
  233.66652605744267    199.66846320069706    219.62019171170368      c
  234.79091310650963    198.02629119121943    219.01736907531316      h
  231.71443896217178    199.25839262986088    219.00981017078161      h
  234.32037129942111    201.32575301923779    218.56572452955351      h
  235.64884877083972    196.44836987025994    223.25602479137567      h
  232.40985817907372    196.10821916634052    222.76091654455962      h
  233.96321306030572    195.56397804006946    227.39641474852812      h
  231.37806771051817    197.60110281132017    226.99201335609058      h
  236.93197281506909    199.32831249677767    227.11484555472813      h
  234.88161996088814    199.54941045432525    229.73967515330631      h
  231.51979717048459    202.82619556874897    228.05025999050653      c
  230.05714914363111    201.39378316002166    227.68176339459384      h
  231.83160198241072    202.90934351859593    230.11006147535190      h
  230.74689918213434    204.65545046538230    227.45877571091333      h
  236.10994194726382    204.06396618578907    227.48712160290663      c
  236.54268923169462    203.81263261011526    229.50723883896137      h
  237.86360779858168    203.70302849440793    226.42320579009200      h
  235.58270835618873    206.05006835145190    227.20744213523955      h
  233.48133289641987    204.22837235935012    220.34206709446599      h
  232.46654996306029    207.11965334266515    225.27047284903176      h
  232.78969313178374    208.95835686996287    218.89642660280848      c
  232.98811437573673    207.03839511895109    218.14431560192000      h
  231.21177181082422    209.87298431827955    217.90243065691064      h
  234.52446172177275    210.00337542144865    218.40509780825823      h
  231.57459922833826    211.23169740782430    224.99457283363046      h
  231.76546156775970    213.64109822725351    219.66365541276005      h
  231.19287454949537    215.94845383550688    225.00024201202910      h
  231.45743620809935    218.33706766747434    218.83784509268904      c
  233.21110205941721    217.47157309861271    218.12730806672403      h
  229.87384570874119    217.24858541493219    218.04227039074416      h
  231.34027318786045    220.25702941848616    218.08762381793343      h
  231.24578688121616    220.39308970005391    225.14575092426131      h
  231.59538621580003    223.33161383669110    220.08317461426066      h
  230.47099916673304    228.75701756420577    224.23301320207756      h
  229.40708335391844    227.61751270607573    221.26236372118132      h
  234.93453229260894    228.94032099909569    222.47556789849389      h
  232.66308148088041    230.98878412714370    221.11496508281624      h
  232.15285542500126    227.30759762028248    217.67566352096435      h
  235.25767546133238    226.48556675247724    218.68099782365954      h
  236.43686456825304    231.20043345402692    218.07439573500324      h
  233.28669110473265    231.70499033150739    217.02937718351745      h
  239.45664692860430    221.88408361890069    234.32415075168686      o
  239.42452158434523    221.95778293808323    232.48544722438913      h
  237.81447491912667    222.48312680302544    234.87595078248947      h
  226.35202913824693    222.88469889637446    235.40008638452070      h
  223.93285842017906    224.37960809283851    224.85076589967767      h
  241.78599758988594    223.43350036081381    224.12022851965719      h
  235.40567208675711    229.95727326314341    215.10029491648203      h
$user-defined bonds
$end
