$coord
  464.28303413640788    450.92078065077351    434.98849962441471      c
  464.93876910451922    448.95546547257248    435.04519140840125      h
  464.89530540346288    451.76359850604052    433.17814198911026      h
  465.65875476114866    452.37209032082967    437.02751412179828      c
  467.57304733376185    451.63509712900429    438.02906897222766      o
  464.67609717204812    454.69456373814620    437.50183538115255      o
  465.89308080162647    455.54116104567896    438.59976626435918      h
  479.14195071928771    449.44490454098985    431.39046106740045      c
  480.95797753299081    448.53972572333760    431.84210561316007      h
  479.04746441264348    451.29305669895200    432.33532413384324      h
  476.95175813127327    447.77060718725312    432.27674262372381      c
  477.05569306858200    445.43490568700651    431.78541382917354      o
  475.12439296077287    448.80995656034025    433.45782145677731      o
  471.09360711932777    457.75969952568664    425.49829498506296      c
  470.51724064879767    455.28982747000515    426.92503821539168      c
  471.36572768246333    455.61675009099434    429.68214864327177      c
  470.22811255046616    453.72324450584296    431.54352888416417      c
  471.08793794092912    451.09841490726478    431.27896722556017      n
  472.76034556853295    450.51448953220307    432.18603576934527      h
  469.82371115802863    449.37687440020596    430.04497606078581      c
  470.39629817629299    446.75771398002644    430.13568291516435      c
  469.10183577526630    444.92656935726029    428.80153626534707      c
  469.56859813008907    442.32252674614386    429.42325616306647      c
  468.72767000095496    440.30429923622199    428.05131499059144      c
  469.20010153417633    437.73616142163036    428.74106502909473      c
  468.94687823236967    435.70659555491125    427.13857726840774      c
  469.56670840395617    433.21971596403370    428.11178622684383      c
  469.47600154957769    431.00495693629176    426.79086765995680      c
  469.98811733158965    428.42737049103573    427.64880332428680      c
  471.33360233820429    427.94549032714991    430.19804387754959      c
  472.06870580389676    425.13168811528317    430.45882608388774      c
  469.95788171346351    423.33455856290891    429.69915617846777      c
  469.39096387359780    423.72951132468205    426.90803068019568      c
  469.22466797390388    426.47150394349910    426.12946351344675      c
  468.04358914085037    426.76252176796345    423.54998734205788      c
  468.65208095563952    425.18837989926971    422.33489343861243      h
  465.96866984694196    426.60378477280108    423.69549625429011      h
  468.46688779461670    428.53130542834447    422.55977084842584      h
  470.86872970951441    422.81110442409960    425.74017993007232      h
  467.62218021321689    422.77330990144191    426.34489229259572      h
  470.49267420907012    421.35412557564479    430.06198359598181      h
  468.24767956320198    423.69927570655585    430.83677131046494      h
  473.71465726564014    424.77641960230068    429.22672464524635      h
  472.70176405841346    424.78775795909797    432.41091317915868      h
  469.62340018794276    428.63901981791889    432.46571523701232      c
  467.90752885928259    427.46172043713119    432.50350975967007      h
  470.65141120423255    428.31398692306260    434.24961670645638      h
  469.01112892088781    430.62134253131597    432.44681797568353      h
  473.83748946427772    429.44215342439531    430.33410415911737      c
  474.89573609869370    428.88090476292831    432.03863713098019      h
  475.03368610639438    429.00562668769874    428.68815269737394      h
  473.57481753180662    431.49628573084198    430.40024457376836      h
  468.85806110412409    431.14857612239103    424.83311138628727      h
  470.14496460061918    433.21782623790079    430.08843976184221      h
  468.19098777921545    436.10154831668433    424.41548191091954      c
  467.84327817076445    434.32898520403756    423.40447842982570      h
  466.48456508121973    437.27884769747209    424.25485518962421      h
  469.72355567298570    437.10877234551236    423.43093459568610      h
  469.94087417826751    437.39601071771102    430.64401924491057      h
  467.70532816306383    440.64633966627429    426.29197996087493      h
  470.72511052341508    441.96536850702847    431.09566379067024      h
  467.25179389117125    445.51805363685349    426.72472724530576      c
  468.03225078405302    444.86420839487505    424.90492097933685      h
  465.44899516039840    444.52405769095566    427.00629643910571      h
  466.87762811685991    447.54572977743976    426.53386490588429      h
  471.91752771326594    446.19457559242659    431.41880695939369      h
  468.16264188722215    450.05339635577900    429.01696504449609      h
  470.66841873942855    454.25803700144962    433.50317488396655      h
  468.15319325655770    453.73269313650735    431.34132818794541      h
  473.44631615477044    455.54871995021045    429.78986303284626      h
  470.76290504607277    457.49891731934849    430.34166306364887      h
  468.45743916395230    454.94022813542131    426.87401560980373      h
  471.46399344137336    453.61364039013557    426.12190460891526      h
  472.99467160901077    458.40787558926650    426.08977926465622      h
  469.72166594685280    459.16376604242072    426.16914776223740      h
  462.22416968763184    450.97496129416237    435.01889364387671      h
  479.06703168993573    449.64074551245380    429.34135989617727      h
  471.03639269619015    457.70667152375421    423.43997122584352      h
$user-defined bonds
$end
