$coord
  114.58543379365386    110.78141508815506    122.14244859906356      c
  113.91269129034657    112.57476518826354    121.32419718352406      h
  114.71393517069009    111.07810209101811    124.20036035777602      h
  117.26506545008571    110.18048217789743    121.09554032144491      c
  118.58220456470700    111.28408223950265    122.26339107156824      h
  117.80930657635678    108.19815946450039    121.41490403790257      h
  118.09087577015673    110.81354043241411    118.29874564477416      c
  116.82286953499046    109.98773011234310    116.43358595161602      o
  120.13366971980612    112.02107543132806    118.15512645867484      o
  112.50106586908100    111.29542059629996    112.14390762996561      c
  113.11522686226883    109.70805064467602    113.34577345048088      h
  113.75962347358283    111.37667882001405    110.49795616822222      h
  112.96971795003664    113.69726251119761    113.67458579760299      c
  115.08432149273567    114.39457145423241    114.10355362976803      o
  111.02141030703154    115.05219614847663    114.63267694697601      o
  109.39057665435124    114.70070708775989    113.83143306663250      h
  127.92879001795940    110.37701369571754    112.74484054022325      c
  129.59930791943032    111.08944044781542    113.75773374744995      h
  126.48314952630187    111.87934597136163    112.93381315351181      h
  126.83085913475283    108.14713685891248    114.20559884094385      c
  126.02772552827643    106.19882921590738    113.08310151800978      o
  126.72503447131125    108.52319235935671    116.57153595931668      o
  121.47915472642070    116.84743597471798    103.74785442155471      c
  120.59287317009732    114.53252146193306    105.32388601638132      c
  120.73460263006375    115.19959478684170    108.17926220317153      c
  118.63700662256069    114.31331323051833    109.98584038621020      c
  118.71637512014189    111.72249870233212    111.03463838996174      n
  118.23260523012316    111.49384184025295    112.94893096257491      h
  119.01306212300493    109.71749927534046    109.62868214709482      c
  118.69936758494592    107.20038406633677    110.49039726369068      c
  118.92046554249353    105.10656751109947    108.94271156085733      c
  118.63322717029492    102.62346737248774    110.00284792140617      c
  118.90534773343045    100.42949533220752    108.65925264092449      c
  118.88456074596870     97.96340272879175    109.75340407186528      c
  119.35321282692433     95.75053342718265    108.47028002763592      c
  119.61399503326255     93.45262644959372    109.94048695902094      c
  120.19603068219133     91.11692494934705    109.02019033230565      c
  120.56074782583828     88.74153920030980    110.39780068317928      c
  121.06908415558449     88.77744399683463    113.27585358356411      c
  121.98749105616692     86.16017330278802    114.18292212734923      c
  120.37366493868258     84.00021633289973    113.18892618145136      c
  120.58531426556578     83.94163482278027    110.32032191173096      c
  120.46059234079533     86.51355208963763    109.07877184242510      c
  120.11855191074302     86.28300550142558    106.25741072602683      c
  121.26939512567039     84.69941500206741    105.53931479553029      h
  118.14000864961176     85.77655889781224    105.82655316772890      h
  120.58909371783156     87.97053093809247    105.15192093828873      h
  122.38244381794003     83.02700737446362    109.74962461959950      h
  119.10376897738344     82.73032037160058    109.48506296099551      h
  120.95948003987714     82.17474088853220    113.99961869245932      h
  118.38189359462113     84.25154990857352    113.74639539065264      h
  123.95091650823511     85.89561164418403    113.52151798083925      h
  122.06119037534947     86.16206302892090    116.26351059965631      h
  118.65968333615531     89.47286321373656    114.77629613307532      c
  117.15924078664411     88.05934806633809    114.49283721314248      h
  119.09998952511766     89.55601116358352    116.81153117819315      h
  117.87544699100778     91.30967701490140    114.22260637613982      h
  123.22148222094125     90.64449341612564    113.92213992101100      c
  123.76383362107943     90.41772628017938    115.91958044347112      h
  124.90522820534235     90.24387147595390    112.76562752768500      h
  122.70747671279635     92.63248530792134    113.63868100107815      h
  120.37933411708124     90.97141603711486    106.97172720425760      h
  119.35699227919011     93.72285728659635    111.96438364734148      h
  119.74249641029878     95.69762109546186    105.64702918510477      c
  119.13400459550961     93.89293263855608    104.82121886503374      h
  118.69180868041437     97.20562254950460    104.68704830959886      h
  121.75883419408777     95.93950604047122    105.19160518707933      h
  118.62755799189625     97.85946779148303    111.80375692604620      h
  119.28896213840623    100.55610698311085    106.63913540486973      h
  118.25906139598355    102.50630435224883    112.02674460972669      h
  119.52895735728271    105.33711409931152    106.17615250231275      c
  121.53017733200862    104.87224147062166    105.83600179839334      h
  118.37433469008957    104.03887224601908    105.03853737031559      h
  119.17368884430020    107.25140667192468    105.48073328541084      h
  118.22504632559161    106.98306556105491    112.48216860775214      h
  119.48360393009345    110.09166504965181    107.65580806436222      h
  118.60677100443452    115.52273795556513    111.64879938314958      h
  116.77373665553543    114.55708790166058    109.07310266402645      h
  122.60165204935477    114.67047146963371    108.93704238245867      h
  120.62688824048927    117.27640380688302    108.31910193700507      h
  118.62188881349759    114.07331801164186    104.80232160370490      h
  121.73615748049315    112.82420903780445    104.97239695566459      h
  123.12888564042986    117.68269492545343    104.72484283225657      h
  119.93902792811889    118.24583331305335    103.83478182366744      h
  123.40289592969829    108.67814990225334    120.64200604955235      o
  124.15689665671964    108.16603412024133    119.03384911046668      h
  122.38811299633869    110.12001094164509    120.04863204382626      h
  113.01926291132334    109.45135036898995    121.99816149935135      h
  110.55400365702698    111.05504254542909    111.51625383046947      h
  128.39555273926618    110.11989863737058    110.75516555024606      h
  122.01646439459246    116.55547944583893    101.78091724342593      h
$user-defined bonds
$end
