$coord
  114.53252146193306    110.84755550280606    122.09520544574141      c
  114.02418513218683    112.43114600216424    120.84042729350534      h
  114.36244610997336    111.53730554130932    124.04729254101228      h
  117.28207298528169    110.02741436113368    121.60954582958979      c
  118.52740250685332    111.49006238798718    122.42968697126219      h
  117.70159218678228    108.33044029380238    122.71314589119501      h
  118.48582853192984    109.52474720978611    118.96581896968279      c
  117.24427846262397    109.80631640358607    116.91168666323608      o
  120.74972043912683    108.82365881448554    119.03573883659955      o
  112.55019874853602    111.06865346035367    112.14390762996561      c
  113.04719672148495    109.31120815677004    113.13412412359770      h
  113.71615977252647    111.23494936004762    110.43748493196988      h
  113.02452000789033    113.47049537525133    113.69726251119761      c
  112.36311586138035    115.52462768169804    112.88468027405678      o
  114.26418035106330    113.29664057102586    115.84777085042148      o
  115.14101327672225    111.62801239568783    116.29185649164960      h
  127.97036399288287    110.06331915765853    112.75995834928634      c
  129.62009490689204    110.60945001006246    113.89568375515060      h
  126.44535500364417    111.43903978239926    113.13601384973057      h
  126.95369133339040    107.52919641345888    113.50828989790905      c
  125.89355497284156    106.00040797195439    112.14768708223137      o
  127.20502490906418    106.97361693039049    115.99327976265367      o
  126.12410156105361    105.49585109447392    116.28240786098517      h
  121.44136020376297    116.94003255522937    103.67415510237217      c
  120.48137932825708    114.68369955256392    105.23506888813570      c
  119.90690258385983    115.64368042806981    107.92981835363062      c
  117.78474013662925    114.33598994411295    109.38679720208546      c
  118.27795865731241    111.73950623752809    110.32032191173096      n
  118.21937714719296    111.46927540052545    112.23839393660990      h
  118.24583331305335    109.69860201401158    108.87090196780768      c
  118.03607371230305    107.22495050606429    109.78552941612432      c
  118.14945728027618    105.02341956125251    108.32099166313796      c
  117.91513123979837    102.63102627701929    109.51718830525456      c
  118.29685591864127    100.34634738236053    108.30398412794199      c
  118.38189359462113     97.96907190719041    109.52285748365323      c
  119.02629020593513     95.71840808292360    108.33044029380238      c
  119.31541830426663     93.49797987678296    109.87245681823707      c
  119.95981491558062     91.13582221067591    109.01641088003987      c
  120.32264233309468     88.80578988882792    110.42425684903968      c
  120.65334440634966     88.84169468535275    113.33065564141781      c
  121.56419240240054     86.23198289583767    114.27173925559485      c
  120.03540396089606     84.05879784301918    113.17380837238829      c
  120.43413617493493     84.00966496356416    110.32599109012962      c
  120.37366493868258     86.57591305202286    109.08066156855799      c
  120.26973000137387     86.36237399900678    106.24229291696375      c
  121.42624239469990     84.74665815538955    105.62246274537726      h
  118.32520181063455     85.91639863164578    105.63569082830746      h
  120.88578072069460     88.03478162661057    105.18971546094645      h
  122.28039860676419     83.12716285950656    109.86678763983842      h
  119.03573883659955     82.78323270332137    109.37923829755391      h
  120.58531426556578     82.23899157705030    114.01473650152241      h
  118.00961754644266     84.28745470509836    113.60466593068621      h
  123.56352265099356     86.00899521215717    113.71427004639358      h
  121.52828760587572     86.22064453904035    116.35232772790194      h
  118.15323673254196     89.49176047506540    114.69314818322835      c
  116.68302980115693     88.07068642313540    114.31898240891698      h
  118.47449017513253     89.55034198518486    116.75105994194081      h
  117.38600792259039     91.33235372849603    114.13000979562842      h
  122.73015342639098     90.74842835343436    114.09788445136937      c
  123.15723153242314     90.52355094362096    116.12178113968989      h
  124.48381927770886     90.37804203138877    113.03963781695340      h
  122.19725065691723     92.72886134069851    113.78985909170902      h
  120.16579506406516     90.94684959738736    106.97550665652338      h
  118.98660595714453     93.80600523644333    111.88312542362740      h
  119.51006009595385     95.66738547733569    105.51852780806855      c
  119.78596011135515     93.75120317858965    104.78342434237602      h
  117.92835932272857     96.53099032006443    104.48106816111434      h
  121.22404169848113     96.76153690827648    105.06877298844176      h
  118.04930179523325     97.93127738453269    111.56376170716972      h
  118.67669087135128    100.38036245275248    106.27630798735568      h
  117.51828875189238    102.60645983729177    111.54297471970798      h
  118.64078607482645    105.13491340309275    105.52230726033433      c
  120.64011632341948    104.70783529706061    105.12735449856122      h
  117.48427368150044    103.75541332608624    104.48862706564587      h
  118.22315659945873    107.00763200078244    104.75318872424987      h
  117.71104081744672    107.04542652344016    111.81320555671061      h
  118.32142235836878    110.08221641898737    106.84322582722139      h
  117.30474969887631    115.44147973185106    111.07243291261946      h
  116.06130990343756    114.28118788625927    108.21705672582924      h
  121.65489925677905    115.65690851100003    109.06554375949490      h
  119.28140323387470    117.62600314146685    107.76919163233535      h
  118.72393402467343    113.95804471753584    104.36579486700830      h
  121.84009241780184    113.10199877933863    105.31065793345113      h
  123.04384796444999    117.81497575475542    104.69271748799753      h
  119.89367450092963    118.32520181063455    103.65336811491042      h
  125.45135905774630    108.59878140467215    120.60232180076176      o
  125.70458235955299    108.31721221087219    118.77495663026134      h
  123.54273566353183    108.52697181162249    120.60421152689463      h
  113.00346570097862    109.47192986537793    121.98373911668384      h
  110.58798546331550    110.98931869140947    111.52245193990251      h
  128.41065815921081    110.02485972746723    110.74813229410711      h
  122.01518318461261    116.57512570818422    101.72984228376517      h
$user-defined bonds
$end
