$coord
  213.64487767951928    229.85872789967809    229.11606552945403      c
  214.26659757723866    227.88018463854684    229.04803538867014      h
  214.23825168524539    230.77335534799477    227.33783323840868      h
  215.12642296770164    231.16074920523633    231.17397728816650      c
  217.11630458563022    230.35950532489278    231.97711089464292      o
  214.17211127059437    233.41897193403466    231.89396294479593      o
  215.41933051829892    234.16352403039161    233.03157807679310      h
  228.52836070212661    228.43009494321655    225.56715985189479      c
  230.05714914363111    227.10161747179797    226.03014275445179      h
  228.92331346389972    230.24234230465387    226.49123593087589      h
  226.00179686245849    227.42854009278716    226.48178730021147      c
  224.44466252896075    228.70599495861785    227.61373325380995      o
  225.45188655778878    225.01724954722508    225.96022288753500      o
  226.93721129823692    224.07427620691516    225.21189133891232      h
  220.42899449657875    236.77323581990669    219.65042732982985      c
  219.80349514659360    234.31470212102244    221.05638357269677      c
  220.33450818993447    234.74366995318749    223.88341386749372      c
  218.70556426338703    233.14496164476623    225.64463862334313      c
  219.39153484962452    230.45399163153706    225.68621259826659      n
  220.88630822073708    229.92864776659488    226.80493046893488      h
  218.35029575040454    228.70599495861785    224.27269745086815      c
  218.89831632894138    226.10762152590010    224.50324403908022      c
  217.87597449105024    224.22167484528023    222.98957340663881      c
  218.33706766747434    221.64786785228998    223.69255152807224      c
  217.76826010147576    219.58806636744461    222.21667541828856      c
  218.25014026536158    217.04638471871343    222.93666107491799      c
  218.19911765977366    215.00925994746274    221.30582742223768      c
  218.80949920069574    212.54316734404696    222.31683090333149      c
  218.84540399722059    210.32084941177342    220.99213288417866      c
  219.37263758829567    207.76593968011204    221.87652471436917      c
  220.64253354959482    207.31051568208659    224.47300842095402      c
  221.43810825153969    204.51372100541587    224.74512898408958      c
  219.37830676669432    202.67501747811812    223.94010565148028      c
  218.86619098468233    203.05485243082813    221.13386234414509      c
  218.68855672819106    205.78928614511366    220.33261846380157      c
  217.60007447564894    206.03872999465457    217.71345804362207      c
  218.32950876294279    204.49860319635275    216.51915112763834      h
  215.53460381240492    205.76849915765195    217.77959845827306      h
  217.96857107156163    207.83019036863016    216.74402853745173      h
  220.37230271259216    202.14778388704303    219.99813693828082      h
  217.12008403789596    202.07975374625917    220.53481916002033      h
  219.93955542816136    200.70592284765129    224.31616115192452      h
  217.63597927217378    203.00949900363887    225.03803653468682      h
  223.12185423594079    204.19435728895820    223.55271179423872      h
  222.03337198339867    204.17546002762933    226.71044416229063      h
  218.85674235401788    207.95869174566639    226.69343662709466      c
  217.19378335707853    206.71147249796186    226.72367224522083      h
  219.86396638284592    207.70546844385970    228.50001481013334      h
  218.15943341098307    209.91266856707014    226.63485511697522      h
  223.10295697461194    208.86765001558439    224.68087829557143      c
  224.14041662156615    208.30262190185158    226.39485989809870      h
  224.34072759165201    208.48403561060860    223.05004464289112      h
  222.78359325815424    210.91422341749953    224.77914405448149      h
  218.32761903680992    210.45124051494255    219.00414099238296      h
  219.26492319872119    212.54694679631271    224.32560978258894      h
  217.63031009377511    215.39287435243850    218.53926836369311      c
  217.39787377943017    213.61653178752599    217.50369844287175      h
  215.90499013445051    216.52104085377124    218.27281697895623      h
  219.19878278407020    216.44356208232293    217.66243543803415      h
  218.83028618815749    216.71001346705978    224.89630707472043      h
  216.96512649499937    219.91498898843383    220.34395682059889      h
  219.25925402032254    221.33039386196521    225.51991669857267      h
  216.36230385860884    224.77536460221572    220.64631300186059      c
  217.39598405329727    224.09506319437688    218.97012592199101      h
  214.53871814037419    223.77947893018498    220.68788697678409      h
  216.02215315468942    226.79548183827049    220.34773627286464      h
  220.17010201637342    225.55204204283172    226.03770165898334      h
  216.91599361554435    229.37873746192517    222.94610970558242      h
  218.83784509268904    233.79880688674467    227.61184352767708      h
  216.71190319319268    233.28669110473265    225.05882352214857      h
  222.35462542598921    234.42619596286269    224.30482279512719      h
  219.91120953616809    236.72221321431877    224.35584540071511      h
  217.77581900600731    233.88573428885741    220.78804246182702      h
  220.87308013780688    232.65741230248176    220.37419243872506      h
  222.31494117719862    237.42330160961933    220.28159585821365      h
  219.04193551504071    238.18108178890648    220.28915476274520      h
  211.58766505061081    229.94483145465495    229.17302634274643      h
  228.44326256257557    228.62385686096360    223.51825849193452      h
  220.39814985933242    236.69752625575666    217.59224880812178      h
$user-defined bonds
$end
