$coord
  227.79325723643410    224.34450704391782    235.55625219032831      c
  227.48901132903953    225.70888931186121    234.01612539202651      h
  227.28114145442208    225.30826737168945    237.31936667231062      h
  230.56737519951022    223.57727823396621    235.68664329349741      c
  231.70688005764026    225.23834750477272    236.24600222883160      h
  230.85650329784173    222.18455007402952    237.18708584300862      h
  231.85049924373956    222.63241516752339    233.31881644899173      c
  231.14941084843900    222.84217476827371    231.13240331324303      o
  234.06525827148153    221.47779250033025    233.86683702752856      o
  234.65674255107476    220.60851847920287    232.34938694282135      h
  225.89597219901691    224.54292828787078    225.53503450763574      c
  226.52714072740073    222.70611448670593    226.27769687785980      h
  227.04870514007715    225.00591119042775    223.87585496296217      h
  226.24368180746785    226.71800306682218    227.39830447466099      c
  225.19677352984922    228.73434085061115    227.23389830109994      o
  228.00868601558304    226.38919071970005    229.21622101449699      o
  228.59072166451185    224.65064267744526    229.41086280618421      h
  241.33314497855972    223.50924809318232    226.12840851336185      c
  242.99799370163197    224.10262209890843    227.22067021816974      h
  239.85159969037738    224.94355022804254    226.44966195595239      h
  240.31458259293436    221.08095001242430    227.19232432617645      c
  240.05946956499483    220.69544588131564    229.44865732884190      o
  239.49066199899625    219.21201086700037    225.66920506307062      o
  239.68719351681634    219.43310882454801    223.83428098803867      h
  234.82492817690158    230.34816696809548    217.04260526644768      c
  233.84982949233259    228.09561341769580    218.59029096928103      c
  233.12417465730451    229.06315319773324    221.23779728145379      c
  230.96610741354908    227.64585859806903    222.51714187341739      c
  231.56704032380674    225.07394133121164    223.44499740466424      n
  231.80136636428455    224.89630707472043    225.34606189434720      h
  231.39885469797989    222.96122751464551    222.08250486285368      c
  231.48389237395975    220.52348080322301    223.06705217808710      c
  231.38373688891681    218.24069163469716    221.68188292268192      c
  231.48578210009265    215.90876958671629    222.95744806237971      c
  231.68798279631142    213.57873726486829    221.74046443280139      c
  231.93175746745365    211.24681521688743    222.96878641917704      c
  232.46843968919316    208.96024659609577    221.74235415893426      c
  232.80859039311261    206.76816428194843    223.27492205270451      c
  233.35850069778232    204.37199154544945    222.40564803157710      c
  233.74211510275811    202.07786402012627    223.82483235737425      c
  234.09738361574060    202.13455580411284    226.72745169748660      c
  234.98933435046263    199.52484401459776    227.68176339459384      c
  233.44731782602793    197.34976923564639    226.60650922498192      c
  233.82337332647216    197.28362882099538    223.75680221659036      c
  233.76290209021982    199.82908992199236    222.48312680302544      c
  233.63818016544937    199.60043305991317    219.65042732982985      c
  234.73611104865594    197.94125351523957    219.04193551504071      h
  231.67475471338119    199.21303920267161    219.06272250250242      h
  234.30336376422514    201.24638452165658    218.58084233861661      h
  235.66963575830144    196.40679589533644    223.28815013563474      h
  232.42875544040257    196.04585820395528    222.82138778081199      h
  234.01234593976076    195.53374242194326    227.44554762798313      h
  231.42720058997318    197.57275691932688    227.05437431847582      h
  236.98677487292275    199.28484879572127    227.12240445925968      h
  234.96287818460223    199.52484401459776    229.76235186690093      h
  231.60483484646443    202.81674693808455    228.09372369156290      c
  230.14407654574384    201.37110644642704    227.78191887963681      h
  231.94498555038385    202.95091749351943    230.14407654574384      h
  230.80926014451958    204.62899429952188    227.47200379384356      h
  236.20631798004098    204.02239221086558    227.46444488931201      c
  236.67685978712950    203.77294836132467    229.47700322083520      h
  237.93541739163135    203.65011616268711    226.36651400610543      h
  235.68475356736454    206.01227382879415    227.19421405230935      h
  233.44920755216083    204.15845249243336    220.36096435579486      h
  232.59127188783074    207.08374854614033    225.29503928875928      h
  232.79347258404948    208.89410618144478    218.91343413800445      c
  232.99378355413538    206.97603415656585    218.16132313711597      h
  231.18342591883095    209.79550554683124    217.95723271476430      h
  234.50556446044391    209.95802199425941    218.38809027306226      h
  231.79947663815165    211.22035905102700    225.03236735628815      h
  231.74656430643088    213.57306808646962    219.67877322182312      h
  231.50089990915572    215.92010794351361    225.02291872562373      h
  231.19287454949537    218.25014026536158    218.84540399722059      c
  232.88795889069380    217.41488131462614    217.97801970222608      h
  229.56582034908081    217.12197376402887    218.21234574270389      h
  230.97366631808063    220.15687393344319    218.08762381793343      h
  231.61617320326175    220.37608216485793    225.12118448453381      h
  231.14185194390745    223.28248095723609    220.06238762679894      h
  230.29903408864047    228.70599495861785    224.17632141809099      h
  229.35417102219765    227.50034968583682    221.20378221106185      h
  234.79469255877541    229.11039635105539    222.48690625529122      h
  232.46843968919316    231.03224782820010    221.05638357269677      h
  232.14340679433684    227.32649488161135    217.65865598576841      h
  235.23310902160489    226.54036881033090    218.74902796444343      h
  236.41040840239262    231.23822797668461    218.07439573500324      h
  233.27346302180246    231.72955677123491    216.99536211312551      h
  239.35082226516269    221.79526649065505    234.32037129942111      o
  239.30546883797345    221.89542197569799    232.48355749825626      h
  237.71431943408373    222.38486104411538    234.88728913928679      h
  226.34673385803239    222.88747305059584    235.39071000533414      h
  223.94113237288798    224.39871879250063    224.90211505573336      h
  241.78933200069534    223.42678863145520    224.12145161422879      h
  235.40076756857670    229.96380815083660    215.10264149061015      h
$user-defined bonds
$end
