$coord
  114.42669679849146    110.94015208331746    122.11788215933603      c
  114.21693719774117    112.23461448434414    120.50216631571882      h
  113.85222005409423    112.01162680066362    123.80162814373716      h
  117.17435859570719    110.12568012004375    122.43346642352795      c
  118.23071550399027    111.75840349885695    123.19691578121373      h
  117.32931613860382    108.66492181932314    123.88477609358412      h
  118.91668609022776    109.32254651356735    120.29996561950004      c
  120.88578072069460    108.23217453489234    120.75538961752549      o
  118.33654016743186    110.05198080086122    117.91702096593126      o
  119.83320326467729    109.72316845373911    116.85121542698376      h
  112.53130148720717    111.19715483738992    112.16469461742734      c
  113.21538234731177    109.35845131009216    112.85066520366485      h
  113.71804949865935    111.77730076018580    110.55653767834167      h
  112.71460492209708    113.28908166649431    114.16024541375459      c
  111.38234799841270    115.13912355058936    114.21693719774117      o
  114.57976461525521    113.07554261347825    115.88367564694630      o
  115.50195096810340    111.49195211412007    115.80430714936510      h
  127.80406809318895    110.13512875070818    112.74861999248903      c
  129.23459077578337    109.07877184242510    113.82765361436672      h
  127.74926603533527    112.09288502437771    113.43837003099229      h
  125.23026110019870    108.81043073155533    113.06609398281381      c
  125.11687753222556    106.50685457556773    112.51051449974543      o
  123.34242469344593    110.11623148937932    113.88245567222042      o
  121.49616226161667    116.96081954269111    103.68360373303658      c
  120.61366015755907    114.70070708775989    105.27475313692631      c
  120.26028137070945    115.62289344060808    108.00351767281316      c
  118.66157306228820    113.89568375515060    109.67214584815119      c
  119.71981969670416    111.37856854614692    110.15024655977126      n
  121.10876840437510    111.16691921926373    111.52596718451201      h
  118.95637033901835    109.33766432263043    108.94082183472445      c
  119.63856147299008    106.85456418401870    109.57199036310824      c
  118.79952306998885    104.71728392772503    108.27941768821447      c
  119.15668130910423    102.30599338216295    109.41136364181298      c
  118.79385389159019    100.02887339203575    108.21138754743059      c
  119.07542308539016     97.67049517819447    109.44915816447069      c
  119.36833063598743     95.36880874833976    108.24918207008831      c
  119.71604024443839     93.17105725579376    109.81765476038339      c
  120.19414095605845     90.77299479316187    108.98428553578081      c
  120.54563001677518     88.47319808944005    110.45071301490007      c
  120.96325949214290     88.59980974034337    113.34199399821512      c
  121.84576159620049     86.00332603375851    114.33787967024585      c
  120.25650191844367     83.81880262414271    113.35711180727819      c
  120.55507864743961     83.67707316417629    110.49984589435510      c
  120.47382042372553     86.20552672997728    109.18081705360093      c
  120.21870739578596     85.91828835777866    106.35189703267112      c
  121.23538005527844     84.20997593365003    105.73584631335041      h
  118.21937714719296     85.60270409358675    105.84356070292488      h
  120.90467798202344     87.51888639233280    105.22373053133839      h
  122.37299518727561     82.76244571585963    110.00284792140617      h
  119.10943815578210     82.43363336873753    109.64946913455657      h
  120.81775057991071     82.01978334563557    114.23583445907002      h
  118.25150249145202     84.08147455661381    113.84655087569557      h
  123.82430485733178     85.73120547062297    113.73127758158955      h
  121.87032803592801     86.05623836547932    116.41657841642005      h
  118.50661551939157     89.34625156283322    114.74228106268338      c
  117.01184214827903     87.92328778477032    114.46638104728207      h
  118.88456074596870     89.49553992733118    116.78696473846564      h
  117.73938670944000     91.16794755493497    114.10922280816668      h
  123.10431920070235     90.47441806416595    114.01662622765529      c
  123.60698635204992     90.25143038048543    116.02540510691273      h
  124.81074189869807     90.07001667172841    112.89034945245544      h
  122.60165204935477     92.46429968209452    113.72560840319089      h
  120.26217109684234     90.52355094362096    106.94338131226432      h
  119.57242105833907     93.54333330397222    111.83399254417236      h
  119.51950872661828     95.23463819290488    105.41081341849406      c
  119.45147858583439     93.29388945443132    104.69271748799753      h
  117.98694083284802     96.31178208864969    104.51319350537338      h
  121.31852800512540     96.08312522657053    104.79476269917335      h
  119.20581418855927     97.70828970085218    111.51462882771470      h
  118.33842989356475    100.02320421363710    106.19693948977449      h
  119.81241627721556    102.26630913337235    111.36911991548250      h
  117.55986272681587    104.85712366155857    105.72639768268597      c
  118.82408950971636    104.00485717562715    104.30532363075596      h
  115.77407153123893    103.79698730100972    105.67915452936383      h
  117.20081476156760    106.80543130456367    105.14058258149142      h
  120.88956017296037    106.59000252541470    111.19526511125702      h
  117.59576752334070    109.68915338334716    107.42337175001727      h
  118.33654016743186    114.77062695467666    111.53163636291067      h
  116.80019282139584    113.62734264428084    108.77830538729629      h
  122.12544106386758    115.94036743093287    108.88224032460499      h
  119.28140323387470    117.46348669403869    107.96761287628834      h
  118.78629498705865    113.99205978792777    104.53587021896801      h
  121.95536571190787    113.10577823160440    105.26341478012900      h
  123.11754728363253    117.84143192061583    104.66437159600424      h
  119.94091765425178    118.34409907196341    103.69872154209968      h
  125.29829124098259    109.57388008924114    118.49149771032849      o
  124.62176928540953    110.25796094934573    116.89845858030588      h
  123.82430485733178    108.81043073155533    119.29463131680488      h
  112.96512103216509    109.49437713608650    121.99015887164808      h
  110.57976177042828    111.02768598817167    111.52786245747441      h
  128.35519729670426    110.04721052062358    110.76586707222324      h
  122.02998360606253    116.58031503346469    101.73090476810536      h
$user-defined bonds
$end
