$coord
  112.36122613524746    111.24817744297782    111.37478909388115      c
  112.91680561831585    109.33199514423178    110.79464317108527      h
  112.84499602526620    112.53508093947295    109.79497804678876      h
  114.06386938097742    111.92658912468376    113.56120222962984      c
  116.19170100660665    111.01007195023422    113.65568853627413      o
  113.37600906860706    113.58576866935736    115.30163999801752      o
  111.69037335807306    114.38134337130221    115.03707833941354      h
  127.22014271812728    109.75907325026394    107.95627451949103      c
  128.29539688773923    108.02619438640779    108.34177865059971      h
  128.15744688003855    111.35967128481808    108.88035059847211      h
  124.57830558435316    109.43781980767336    109.00507252324256      c
  123.50116168860833    110.88346029933089    110.42803630130545      o
  123.45580826141907    107.27786283778508    108.19626973836750      o
  121.67190679197502    107.34778270470184    108.67626017612046      h
  119.08487171605459    118.09087577015673    102.07922624621668      c
  118.42913674794326    115.60966535767788    103.47384413228629      c
  119.38722789731628    115.81564550616241    106.22339565563489      c
  117.83765246835006    114.57409543685655    108.31343275860641      c
  117.84332164674871    111.79997747378043    108.50240537189498      n
  117.69025382998498    111.14613223180200    110.32788081626252      h
  117.68458465158632    110.14835683363837    106.67692992752745      c
  117.49372231216486    107.52352723506021    107.16447926981195      c
  117.32364696020517    105.63947028057324    105.34278327771018      c
  117.23482983195953    103.06944273984875    106.17237305004697      c
  117.06853393226561    101.02664879019937    104.57933392002438      c
  117.21215311836491     98.46606988013933    105.36545999130480      c
  117.18947640477029     96.44028346568592    103.71950852956142      c
  117.64490040279573     93.94962442254264    104.74940927198409      c
  117.68647437771921     91.73297566866778    103.41148316990106      c
  118.17402372000369     89.16672758020908    104.29398527395864      c
  119.44014022903708     88.69618577312055    106.88668952827776      c
  120.21114849125442     85.89183219191825    107.15314091301464      c
  118.13433947121311     84.07580537821515    106.34433812813957      c
  117.61844423693532     84.46508896158960    103.53998454693728      c
  117.46915587243736     87.20330212814089    102.74440984499242      c
  116.37311471536368     87.48298159580796    100.13091860321158      c
  117.00806269601325     85.90128082258269     98.94228086562650      h
  114.29441596918947     87.32802405291135    100.21217682692567      h
  116.82475926112335     89.24798580392316     99.14826101411104      h
  119.11132788191497     83.54479233487429    102.39670023654146      h
  115.85910920721879     83.51266699061523    102.94094136281252      h
  118.67858059748417     82.10104156934965    106.71472445018516      h
  116.39768115509119     84.42162526053322    107.44604846361190      h
  121.88922529725689     85.56301984479616    105.95505454476513      h
  120.80641222311340     85.54601230960019    109.11656636508280      h
  117.66568739025746     89.35758991963053    109.11467663894993      c
  115.98761058425501     88.12926793325487    109.14302253094321      h
  118.67291141908551     89.08357963036211    110.91747536972284      h
  116.98727570855151     91.31912564556582    109.06932321176068      h
  121.91568146311728     90.23253311915659    107.08511077223075      c
  122.94558220553995     89.67317418382244    108.80665127928957      h
  123.15156235402448     89.82813172671905    105.46183602408198      h
  121.60765610345692     92.28288597333751    107.16447926981195      h
  117.23860928422530     91.88037430703287    101.40459401677650      h
  118.01528672484130     93.92883743508089    106.77519568643750      h
  116.76806747713678     96.85035403652209    100.93027275742220      c
  116.60177157744285     95.07968065000826     99.87391584913912      h
  115.04463724394508     97.96151300265886    100.59579123190144      h
  118.36488605942516     97.91993902773538    100.12902887707868      h
  117.49183258603199     98.09568355809374    107.38179777509379      h
  116.90223803257166    101.38380702931475    102.55543723170386      h
  117.36711066126152    102.72551258366357    108.20949782129770      h
  117.28396271141456    106.21961620336913    102.55921668396962      c
  119.00739294460627    105.49018191607526    101.64458923565297      h
  115.66257768939869    105.29176067212228    101.64269950952009      h
  117.15924078664411    108.24162316555676    102.13969748246902      h
  117.41246408845079    106.96038884746029    109.15814034000630      h
  117.72237917424403    110.89101920386243    104.75507845038274      h
  118.55196894658083    115.17691807324707    110.15969519043568      h
  115.85532975495302    115.18069752551284    108.15847521570979      h
  121.38277869364353    115.22416122656921    106.35756621106977      h
  119.34943337465856    117.83387301608428    106.74873952057709      h
  116.35988663243349    115.36211123426986    103.47195440615340      h
  119.27951350774180    113.93536800394121    102.56110641010252      h
  120.97081839667446    118.73149292920496    102.71984340526491      h
  117.68269492545343    119.49494228689076    102.72740230979645      h
  110.30847898148063    111.31955435624465    111.52943907262599      h
  127.15191950942381    109.98079867855019    105.90957825838716      h
  119.09874916825468    118.05340664921646    100.01981233972106      h
$user-defined bonds
$end
