$coord
  214.03794071515949    230.09683339242170    235.10838709683443      c
  213.81684275761188    231.42531086384031    233.52290687134337      h
  213.45023588783206    231.12106495644571    236.81480979483015      h
  216.78749223850809    229.26724362008488    235.36350012477399      c
  217.92699709663816    230.86028275010750    236.08348578140343      h
  216.95189841206914    227.76680107057368    236.77512554603956      h
  218.11596970992670    228.43954357388100    232.97299656667366      c
  217.42244021915769    228.75701756420577    230.81870877518401      o
  220.35151572513044    227.24901611016301    233.48133289641987      o
  220.90142602980015    226.45911058661684    231.90908075385903      h
  212.14254540387518    230.25934983984985    224.95866803710564      c
  212.80394955038517    228.42253603868502    225.66542561080487      h
  213.28393998813812    230.74311972986860    223.29759876629916      h
  212.59418994963485    232.27757734977172    226.91453458464227      c
  211.14665973184447    233.82715277873797    227.75168326151061      o
  215.05272364851911    232.20576775672208    227.65152777646767      o
  215.27760105833249    233.57392947693128    228.86473195378025      h
  227.57782845728514    229.26913334621779    225.62952081428003      c
  229.21433128836409    229.92675804046198    226.72556197135370      h
  226.03959138511621    230.65052314935721    225.92620781714308      h
  226.66131128283561    226.80682019506779    226.71044416229063      c
  226.53658935806513    226.38352154130141    228.97055661722183      o
  225.78636808330953    224.95110913257409    225.20055298211500      o
  225.87329548542229    225.20244270824787    223.36184945481725      h
  221.08661919082294    236.09104468593495    216.54938674576454      c
  220.13041776758280    233.81581442194064    218.06494710433878      c
  219.41988074161779    234.73989050092172    220.72946095170758      c
  217.22023952293890    233.35661097164942    221.95967266421613      c
  217.74558338788114    230.77713480026051    222.90264600452605      n
  217.69267105616032    230.59194163923775    224.82071802940499      h
  217.66621489029993    228.67953879275746    221.51558702298800      c
  217.62653064150933    226.23990235520210    222.51147269501874      c
  217.57550803592142    223.96278236507490    221.12441371348066      c
  217.59818474951604    221.63086031709400    222.41131720997578      c
  217.83062106386097    219.30082799524604    221.20756166332765      c
  218.06872655660459    216.97079567339802    222.44722200650060      c
  218.64887247940047    214.69178595713794    221.23023837692224      c
  219.01358962304741    212.50726254752212    222.77225490135694      c
  219.59562527197616    210.12053844168756    221.90676033249531      c
  219.97734995081908    207.82263146409861    223.32594465829243      c
  220.31750065473850    207.87365406968652    226.23045372453765      c
  221.21323084172630    205.26205255403858    227.17909624324628      c
  219.67310404342447    203.08886750122008    226.09817289523568      c
  220.05293899613451    203.02650653883484    223.24846588684414      c
  220.00380611667950    205.57763681823047    221.98423910394362      c
  219.89420200097211    205.35842858681576    219.15153963074803      c
  220.98457397964711    203.69546958987635    218.54682726822466      h
  217.93077654890391    204.98804226477014    218.55060672049041      h
  220.57828286107670    207.00438004855914    218.09329299633208      h
  221.89164252343224    202.14211470864436    222.77225490135694      h
  218.64509302713469    201.80385373085787    222.30927199879997      h
  220.23246297875863    201.27284068751698    226.93721129823692      h
  217.65298680736976    203.31563463716637    226.54225853646381      h
  223.21067136418640    205.02772651356074    226.61784758177924      h
  221.18299522360013    205.26205255403858    229.25968471555336      h
  217.82117243319655    208.54828629912669    227.58727708794956      c
  216.35096550181152    207.12154306879805    227.23200857496704      h
  218.14809505418575    208.63521370123945    229.64329912052915      h
  217.05016417097923    210.38132064802576    226.99579280835636      h
  222.41509666224155    209.76526992870507    226.98256472542616      c
  222.86674120800123    209.52338498369571    228.99890250921513      h
  224.15742415676212    209.39488360665948    225.90353110354846      h
  221.89542197569799    211.75326182050077    226.69532635322753      h
  219.70711911381642    209.90699938867149    219.86207665671304      h
  218.77926358256957    212.82473653784692    224.79048241127879      h
  218.99280263558563    214.61808663795537    218.40320808212533      c
  219.15720880914671    212.69434543467781    217.65865598576841      h
  217.40732241009459    215.54594216920225    217.43377857595502      h
  220.72946095170758    215.64231820197941    217.88353339558179      h
  217.90998956144219    216.94056005527185    224.50891321747886      h
  217.92888682277103    219.28948963844871    219.14776017848229      h
  217.53771351326370    221.65920620908730    224.47489814708692      h
  217.52070597806772    223.97223099573932    218.28037588348778      c
  219.24602593739232    223.11429533140924    217.49424981220736      h
  215.90876958671629    222.85918230346968    217.57739776205432      h
  217.35063062610803    225.88085438995384    217.51692652580198      h
  217.60385392791471    226.09250371683703    224.57316390599695      h
  217.60763338018049    228.99701278308225    219.47846225173726      h
  216.56261482869471    234.41674733219827    223.61696248275683      h
  215.62720039291634    233.26023493887229    220.61796710986729      h
  221.08850891695585    234.71154460892842    221.98423910394362      h
  218.81138892682864    236.72788239271742    220.58395203947535      h
  218.42210534345421    233.05047533812197    217.12953266856042      h
  221.51936647525375    232.26056981457575    218.19533820750792      h
  222.67587886857976    236.96787761159388    217.58117721432006      h
  219.53137458345807    237.46865503680857    216.52671003216989      h
  225.63896944494448    227.51357776876702    233.82904250487084      o
  225.65408725400755    227.54759283915897    231.98844925144024      h
  223.93632619921448    227.98789902812132    234.32037129942111      h
  212.59200491170341    228.64300348994763    234.91235030455513      h
  210.16903504616741    230.14468929275134    224.37996951116125      h
  228.03770042773826    229.18648968775952    223.62341265331779      h
  221.65442434911398    235.71811586592159    214.60482932712330      h
$user-defined bonds
$end
