$coord
  112.35366723071591    111.21794182485165    111.49384184025295      c
  112.93381315351181    109.24128828985326    111.16691921926373      h
  112.97916658070108    112.31776243419110    109.83655202171224      h
  113.75206456905130    112.20059941395219    113.79174881784189      c
  112.90357753538565    113.30230974942451    115.58509891795036      o
  116.28429758711805    111.69793226260460    113.69537278506472      o
  116.70570651475155    111.07432263875234    112.01918570519516      h
  127.30329066797424    109.87056709210418    107.96383342402257      c
  127.48092492446548    107.86178821284675    108.42114714818091      h
  129.00971336596999    110.86078358573626    108.62523757053255      h
  124.93357409733564    110.85511440733761    109.24317801598615      c
  123.17423906761911    109.49829104392572    109.89135407956593      o
  124.74271175791419    113.33443509368357    109.70616091854313      o
  126.20158033250192    114.26984952946196    109.08633074695663      h
  119.14156350004114    118.14189837574465    102.04710090195762      c
  118.50661551939157    115.69470303365773    103.46628522775474      c
  119.06219500245996    116.13689894875299    106.28386689188724      c
  117.49372231216486    114.53252146193306    108.08666562266015      c
  118.19103125519966    111.83021309190659    108.12634987145074      n
  119.82753408627863    111.34077402348920    109.04853622429894      h
  117.11577708558774    110.07276778832295    106.70338609338785      c
  117.71482026971249    107.49896079533271    106.85456418401870      c
  116.65657363529652    105.59600657951685    105.36545999130480      c
  117.19136613090316    103.04298657398836    106.02686413781478      c
  116.59421267291130    100.97373645847857    104.56421611096130      c
  117.11199763332196     98.44717261881047    105.28609149372362      c
  116.98538598241863     96.39115058623089    103.67415510237217      c
  117.60332642787223     93.93639633961244    104.69460721413041      c
  117.57498053587896     91.69707087214296    103.39258590857220      c
  118.11166275761848     89.14972004501311    104.28264691716133      c
  119.39856625411360     88.69996522538632    106.86968199308178      c
  120.16768479019807     85.89750137031692    107.16069981754617      c
  118.08898604402386     84.07202592594938    106.37268402013285      c
  117.57498053587896     84.43863279572919    103.56644071279767      c
  117.41057436231790     87.16739733161607    102.74818929725819      c
  116.32020238364289     87.41306172889119    100.13091860321158      c
  117.02129077894345     85.85214794312765     98.94795004402516      h
  114.25095226813310     87.17495623614761    100.20461792239412      h
  116.71704487154888     89.19129401993659     99.14637128797816      h
  119.07542308539016     83.51833616901389    102.43260503306630      h
  115.82509413682685     83.47109301569175    102.97117698093871      h
  118.63511689642780     82.10293129548255    106.76196760350730      h
  116.35421745403484     84.42729443893188    107.47250462947230      h
  121.84387187006763     85.55357121413174    105.96639290156246      h
  120.76672797432279     85.56868902319481    109.12790472188013      h
  117.63734149826418     89.38782553775670    109.09955882988683      c
  115.96493387066039     88.15383437298237    109.15625061387341      h
  118.65590388388954     89.14594059274734    110.90046783452686      h
  116.95326063815958     91.34558181142623    109.02585951070431      h
  121.87977666659243     90.22875366689081    107.05109570183880      c
  122.92857467034398     89.65049747022780    108.75373894756876      h
  123.09865002230370     89.83569063125060    105.40892369236118      h
  121.58497938986230     92.27910652107174    107.16069981754617      h
  116.99105516081728     91.81045444011610    101.42160155197247      h
  118.12300111441580     93.95718332707418    106.68637855819188      h
  116.30886402684557     96.76153690827648    100.93027275742220      c
  116.19359073273955     94.98330461723108     99.87769530140491      h
  114.48716803474382     97.74797394964278    100.73752069186787      h
  117.75639424463597     97.95206437199444    100.02509393976997      h
  117.76395314916751     98.12780890235280    107.22495050606429      h
  115.72682837791680    101.29310017493624    102.71795367913202      h
  118.19670043359832    102.72551258366357    107.80698615499306      h
  115.03707833941354    106.15914496711677    103.09967835797492      c
  116.03674346371004    105.55821205685915    101.37246867251744      h
  113.24750769157082    105.10467778496660    103.17337767715746      h
  114.62322831631157    108.17548275090576    102.87102149589576      h
  119.09809979898478    106.94338131226432    108.28697659274602      h
  115.60966535767788    110.74928974389601    105.46183602408198      h
  117.67513602092190    115.19770506070881    110.04442189632965      h
  115.48494343290743    114.65535366057064    107.56321148385082      h
  121.09176086917913    115.85910920721879    106.68448883205899      h
  118.61244018283318    118.11355248375136    106.75629842510865      h
  116.47327020040662    115.28463246282155    103.21873110434673      h
  119.55730324927600    114.02418513218683    102.78220436765014      h
  121.02562045452814    118.79763334385596    102.67826943034143      h
  117.75450451850310    119.55352379701021    102.67448997807566      h
  110.29721245245511    111.31087393232632    111.56553232316197      h
  127.17740515219229    110.01481091227099    105.91294856274169      h
  119.11350328987122    118.06613580828581     99.98888448599249      h
$user-defined bonds
$end
