$coord
  109.09011019922242    115.11266738472895    115.44147973185106      c
  109.00318279710967    116.48271883107105    113.88245567222042      h
  108.40413961298493    116.09154552156372    117.14034352531526      h
  111.79052884311599    114.18292212734923    115.85344002882013      c
  112.86767273886080    115.62856261900674    116.89278940190724      h
  111.81131583057774    112.48783778615081    117.03262913574076      h
  113.31931728462048    113.86166868475867    113.47049537525133      c
  113.67836524986875    115.55675302595708    111.97194255187301      o
  114.49661666540824    111.62423294342207    113.08688097027556      o
  113.81064607917075    110.26551985387729    114.16402486602036      h
  107.34211352630319    115.09377012340011    105.01019147832231      c
  108.06965808746418    113.14546248039501    104.95916887273439      h
  108.32288138927085    116.11611196129122    103.48896194134937      h
  108.18493138157019    116.25406196899189    107.46305599880787      c
  107.13613337781867    117.76017369690175    108.81609990995399      o
  110.55275822607591    115.36778041266851    107.97706150695278      o
  111.23683908618050    116.17658319754358    109.50018077005861      h
  122.82086028076949    114.51173447447133    105.83789152452621      c
  124.59342339341623    114.95393038956657    106.82810801815830      h
  121.55474377173611    116.15390648394894    106.11946071832618      h
  121.46214719122473    112.31965216032397    107.01141145304821      c
  120.12044163687591    110.81920961081278    105.93237783117051      o
  121.67190679197502    112.18926105715487    109.57576981537402      o
  122.75660959225138    113.54230496830100    110.21449724828938      h
  116.21437772020128    121.09176086917913     96.73130129015031      c
  115.26384547535980    118.80519224838750     98.23552329192728      c
  114.56086735392634    119.71981969670416    100.90192686542893      c
  112.39902065790517    118.28740728797683    102.14536666086767      c
  112.95648986710644    115.68903385525908    103.00141259906488      n
  112.86389328659504    115.41502356599067    104.90436681488072      h
  112.92058507058162    113.61978373974929    101.57655909486910      c
  112.82987821620310    111.17825757606104    102.56866531463406      c
  112.88279054792390    108.90869649046539    101.18349605922887      c
  112.79397341967828    106.57866416861739    102.47795846025555      c
  113.11711658840173    104.25052157290229    101.30821798399933      c
  113.27585358356411    101.91859952492139    102.56488586236829      c
  113.88812485061906     99.64336926092709    101.37057894638457      c
  114.20937829320961     97.45506639904551    102.92393382761657      c
  114.78763448987263     95.06645256707806    102.06977761555224      c
  115.15424135965245     92.77043531562200    103.49841057201380      c
  115.52840713396380     92.83657573027300    106.39725045986037      c
  116.41657841642005     90.22497421462504    107.35534160923339      c
  114.85377490452362     88.05745834020520    106.29898470095031      c
  115.19959478684170     87.97620011649111    103.44360851416012      c
  115.14290300285512     90.52166121748809    102.16804337446230      c
  114.97660710316120     90.28733517701026     99.33723362739961      c
  116.06508935570332     88.62815563233667     98.71740345581311      h
  113.00562274656146     89.89805159363583     98.78165414433124      h
  115.62289344060808     91.92950718648788     98.25064110099036      h
  117.03073940960789     87.08235965563621    102.95605917187561      h
  113.77852073491169     86.75165758238121    102.53087079197634      h
  115.40935438759200     86.23954180036922    107.13802310395154      h
  112.83743712073465     88.29556383294879    106.76007787737441      h
  118.40834976048151     89.97364063895125    106.77708541257039      h
  116.40524005962273     90.23253311915659    109.43593008154049      h
  113.05286589988361     93.53388467330780    107.78052998913266      c
  111.57698979009992     92.10147226458048    107.47061490333942      h
  113.40624468673322     93.65671687194536    109.83088284331357      h
  112.26673982860318     95.35369093927667    107.17014844821061      h
  117.64301067666283     94.72441213702575    107.11723611648979      c
  118.11544220988424     94.49197582268081    109.13168417414590      h
  119.37211008825319     94.33890800591708    106.02119495941612      h
  117.12522571625216     96.71240402882144    106.82621829202542      h
  114.90857696237731     94.84724433566332    100.02698366590288      h
  113.95048581300428     97.77820956776895    104.93838188527265      h
  114.30764405211967     99.56778021561166     98.55299728225206      c
  114.53252146193306     97.64781846459985     97.81600409042667      h
  112.73161245729305    100.46351040259944     97.54010407502537      h
  116.03863318984293    100.62602685002763     98.07867602289778      h
  113.02829946015609    101.89592281132677    104.61901816881499      h
  113.37033989020840    104.23162431157341     99.26353430821706      h
  112.55775765306757    106.61456896514223    104.53020104056935      h
  113.12656521906614    108.93137320406002     98.35457603829907      c
  115.09943930179877    108.55342797748290     97.80277600749648      h
  111.93414802921531    107.48384298626962     97.46829448197572      h
  112.57476518826354    110.75684864842755     97.56467051475288      h
  112.69003848236957    111.03841784222752    104.62468734721364      h
  112.93759260577760    113.95048581300428     99.53943432361837      h
  111.76974185565426    119.30596967360221    103.84612018046477      h
  110.77574590975641    118.22882577785738    100.83767617691080      h
  116.23894415992881    119.71037106603973    102.14347693473479      h
  113.91458101647946    121.69836295783544    100.76586658386115      h
  113.55364332509831    118.04741206910037     97.30010885614888      h
  116.65279418303075    117.25183736715550     98.35835549056485      h
  117.80552712409100    121.96481434257230     97.76687121097163      h
  114.65913311283640    122.47126094618565     96.71807320722010      h
  119.46281694263170    113.25884604836814    114.39835090649818      o
  118.24394358692048    112.73161245729305    113.13034467133191      h
  118.64078607482645    114.64779475603909    115.27140437989135      h
  107.68163291814703    113.64047011355778    115.13880977889612      h
  105.33869016703272    115.10310077111460    104.53166254553581      h
  123.19437391334280    114.26537441894425    103.82727558748262      h
  116.78023164853474    120.72388561056036     94.78521308997621      h
$user-defined bonds
$end
