$coord
  114.52874200966730    110.84944522893895    122.11599243320315      c
  113.99394951406066    112.46516107255617    120.92168551721942      h
  114.38701254970087    111.48250348345564    124.08886651593578      h
  117.27829353301591    110.06331915765853    121.56986158079918      c
  118.52929223298619    111.47683430505698    122.45992258938834      h
  117.72426890037691    108.30587385407487    122.56763697896282      h
  118.46504154446809    109.69860201401158    118.89778882889890      c
  117.18191750023874    109.91969997155921    116.85688460538240      o
  120.76483824818992    109.14869170934188    118.92613472089219      o
  112.55586792693468    111.07432263875234    112.13067954703541      c
  113.07554261347825    109.32065678743446    113.11522686226883      h
  113.71049059412782    111.25762607364224    110.41669794450813      h
  112.98861521136548    113.48939263658019    113.67836524986875      c
  112.36122613524746    115.53596603849535    112.81287068100713      o
  114.10922280816668    113.33065564141781    115.88745509921208      o
  115.04652697007796    111.68470417967440    116.31831265750999      h
  127.96091536221844    110.22016642668802    112.75239944475479      c
  129.49348325598871    111.16502949313085    113.78607963944324      h
  126.23370567676096    111.37478909388115    112.97916658070108      h
  127.42990231887759    107.71816902674745    113.97694197886469      c
  127.87209823397282    107.24195804126026    116.16713456687914      o
  126.28283855621598    105.86812714265240    112.60689053252260      o
  126.05229196800394    106.23473401243220    110.80787125401547      h
  121.43947047763010    116.93814282909649    103.67982428077082      c
  120.47004097145975    114.69125845709546    105.25585587559743      c
  119.90123340546117    115.65879823713291    107.94871561495950      c
  117.80930657635678    114.32654131344853    109.43404035540759      c
  118.36488605942516    111.74706514205963    110.38646232638197      n
  118.42346756954461    111.49384184025295    112.31020352965956      h
  118.27795865731241    109.70049174014449    108.95782936992042      c
  118.31953263223591    107.21739160153274    109.88568490116727      c
  118.16646481547215    105.01964010898674    108.41547796978224      c
  118.16835454160504    102.62535709862063    109.62868214709482      c
  118.27795865731241    100.33122957329746    108.36634509032721      c
  118.45937236606943     97.95962327652597    109.57388008924114      c
  118.99605458780896     95.69384164319609    108.34744782899836      c
  119.34187447012702     93.48097234158701    109.87812599663573      c
  119.94280738038465     91.11125577094840    109.00129307097679      c
  120.32075260696179     88.78311317523330    110.40158013544504      c
  120.65712385861544     88.81145906722658    113.30419947555740      c
  121.54718486720456     86.19229864704707    114.24150363746868      c
  120.00516834276989     84.03234167715880    113.13979330199635      c
  120.41145946134030     83.98698824996953    110.29197601973767      c
  120.36043685575240     86.55323633842823    109.04853622429894      c
  120.26028137070945     86.34347673767793    106.21016757270469      c
  121.42435266856700     84.73343007245936    105.59033740111819      h
  118.31953263223591     85.88805273965249    105.60545521018129      h
  120.87066291163153     88.01966381754750    105.15759011668739      h
  122.25583216703667     83.10259641977905    109.83277256944648      h
  119.01306212300493     82.76622516812540    109.33577459649754      h
  120.54374029064230     82.20497650665837    113.97505225273180      h
  117.98127165444936     84.27233689603526    113.56498168189562      h
  123.54651511579759     85.95608288043637    113.69159333279894      h
  121.50561089228110     86.17718083798400    116.32209210977577      h
  118.16646481547215     89.48231184440097    114.67236119576661      c
  116.68869897955560     88.06312751860386    114.31520295665122      h
  118.49716688872715     89.55601116358352    116.72838322834619      h
  117.40112573165347     91.32101537169872    114.09788445136937      h
  122.75849931838427     90.69362629558069    114.06386938097742      c
  123.20447468574528     90.44985162443842    116.08209689089929      h
  124.50082681290482     90.31757079513643    112.98861521136548      h
  122.24260408410649     92.68161818737637    113.78041046104458      h
  120.08453684035109     90.91850370539407    106.95660939519452      h
  119.09621007285190     93.79277715351314    111.89824323269048      h
  119.33809501786126     95.63148068081087    105.51663808193567      c
  119.45147858583439     93.70773947753328    104.76263735491429      h
  117.77340177983194     96.60468963924697    104.55287775416399      h
  121.10120949984356     96.61413826991139    105.00074284765788      h
  118.32142235836878     97.93505683679847    111.63746102635226      h
  118.32898126290031    100.35390628689208    106.30276415321609      h
  118.16835454160504    102.60457011115888    111.69226308420593      h
  118.01150727257553    105.11790586789678    105.57144013978935      c
  119.63478202072430    104.15603526625799    104.69082776186464      h
  116.30508457457979    104.13713800492914    104.90058736261494      h
  117.96048466698761    107.05487515410458    104.85712366155857      h
  118.37055523782381    107.02274980984552    111.93981720761396      h
  118.10410385308693    110.07276778832295    106.93393268159990      h
  117.31608805567363    115.43959000571817    111.11022743527717      h
  116.07831743863353    114.22071665000693    108.27941768821447      h
  121.65678898291195    115.70982084272083    109.07499239015932      h
  119.24171898508409    117.63167231986552    107.78052998913266      h
  118.70503676334457    113.97316252659891    104.39414075900160      h
  121.81930543034011    113.10199877933863    105.33333464704576      h
  123.04195823831712    117.81497575475542    104.69838666639619      h
  119.88989504866386    118.32709153676744    103.65336811491042      h
  125.45135905774630    108.59878140467215    120.60232180076176      o
  125.70458235955299    108.31721221087219    118.77495663026134      h
  123.54273566353183    108.52697181162249    120.60421152689463      h
  113.00213262724969    109.47234913655193    121.99008650475635      h
  110.59080139939866    110.99106830705445    111.51882628392232      h
  128.40756948327407    110.07172351405234    110.74709474102437      h
  122.01354732120433    116.57534850422270    101.73519109878447      h
$user-defined bonds
$end
