$coord
  109.32065678743446    114.96337902023099    115.28274273668868      c
  108.69137798518355    116.69247843182136    114.31331323051833      h
  109.33955404876332    115.36967013880141    117.32175723407228      h
  112.04186241878979    114.34354884864450    114.42858652462435      c
  113.32309673688626    115.67958522459466    115.38478794786448      h
  112.65602341197763    112.45949189415752    115.05597560074239      h
  112.67303094717360    114.47771940407938    111.59966650369455      c
  111.14613223180200    114.26418035106330    109.89324380569882      o
  115.09565984953299    114.81409065573303    111.01952058089866      o
  116.28807703938382    114.42669679849146    112.44248435896155      h
  107.24384776739313    115.44336945798395    105.18404628254780      c
  107.87123684351117    113.79552827010767    106.28008743962147      h
  108.46083139697150    115.58698864408325    103.50785920267822      h
  107.75218409713938    117.79040931502792    106.78275459096903      c
  109.89324380569882    118.27795865731241    107.40258476255553      o
  105.89458330851279    119.33053611332971    107.56888066224947      o
  104.24107294223785    119.13778404777538    106.73362171151402      h
  122.72070479572656    114.59866187658406    105.84167097679199      c
  124.42145831532362    115.30163999801752    106.80732103069656      h
  121.32608690965696    116.15390648394894    105.98717988902419      h
  121.54340541493880    112.50295559521388    107.41581284548573      c
  120.65145468021677    110.54708904767725    106.42937580411943      o
  121.46025746509184    113.02829946015609    109.78930886839009      o
  116.23894415992881    121.08798141691337     96.76153690827648      c
  115.32998589001080    118.82408950971636     98.34323768150175      c
  114.95204066343368    119.75950394549476    101.07767139578729      c
  112.79208369354538    118.59165319537144    102.59134202822869      c
  113.18703645531849    116.04241264210869    103.65903729330907      n
  112.82798849007023    115.88367564694630    105.56010178299204      h
  113.44781866165671    113.97127280046602    102.29843447763142      c
  113.35144262887954    111.50140074478449    103.26597425766886      c
  113.51962825470636    109.31309788290291    101.80143650468248      c
  113.38734742540437    106.89424843280931    102.98440506386891      c
  113.62167346588218    104.63602570401096    101.70695019803820      c
  113.65757826240701    102.21717625391733    102.85779341296556      c
  114.12245089109688     99.97785078644785    101.58222827326776      c
  114.34732830091026     97.69695134405487    103.05999410918433      c
  114.90101805784576     95.33668340408070    102.15670501766499      c
  115.23927903563229     92.98019491637231    103.54187427307016      c
  115.64557015420272     93.00476135609982    106.43882443478387      c
  116.56397705478513     90.38938038818608    107.35534160923339      c
  115.00117354288871     88.21808506150049    106.30276415321609      c
  115.29030164122021     88.18029053884277    103.44171878802722      c
  115.19203588231015     90.75220780570014    102.20394817098713      c
  114.94637148503502     90.53110984815251     99.37313842392443      c
  116.10099415222815     88.93429126586413     98.70039592061714      h
  112.97916658070108     90.04545023200090     98.87803017710840      h
  115.47549480224301     92.20918665415496     98.28276644524942      h
  117.11010790718909     87.28833980412075    102.90881601855348      h
  113.84466114956270     86.96519663539731    102.55165777943809      h
  115.59265782248191     86.39638906939872    107.11345666422403      h
  112.99428438976415     88.43729329291521    106.81110048296233      h
  118.54818949431505     90.15505434770826    106.74873952057709      h
  116.58287431611399     90.37804203138877    109.43781980767336      h
  113.17002892012252     93.66238605034403    107.84478067765077      c
  111.70927061940191     92.21863528481938    107.52352723506021      h
  113.52907688537078     93.77199016605140    109.89324380569882      h
  112.37067476591189     95.47841286404713    107.24573749352604      h
  117.75072506623732     94.89259776285259    107.18148680500792      c
  118.25150249145202     94.61480802131838    109.18459650586669      h
  119.46848612103037     94.55433678506604    106.05521002980807      h
  117.21026339223202     96.88058965464828    106.95094021679586      h
  115.08243176660280     95.17038750438677    100.11202134188272      h
  114.07142828550896     97.97474108558906    105.08200107137196      h
  114.51740365286999     99.96084325125187     98.75519797847083      c
  114.48527830861092     98.05033013090448     97.95395409812733      h
  113.06042480441515    101.07578166965440     97.78009929390184      h
  116.36366608469925    100.80933028491752     98.29221507591386      h
  113.43081112646074    102.13402830407036    104.91381544554514      h
  113.87867621995464    104.70027639252906     99.66037679612305      h
  113.16435974172386    106.84511555335426    105.03475791804982      h
  113.88623512448618    109.44726843833780     98.98763429281576      c
  115.88745509921208    109.11467663894993     98.51709248572725      h
  112.75428917088767    108.01296630347760     98.00119725144945      h
  113.33443509368357    111.29353087016707     98.23552329192728      h
  113.08310151800978    111.32187676216036    105.30309902891958      h
  113.70671114186204    114.29063651692370    100.27642751544377      h
  112.34988777845015    119.77840120682362    104.22595513317478      h
  111.07243291261946    118.53874086365063    101.40459401677650      h
  116.74161131127639    119.61777448552833    102.14158720860190      h
  114.47016049954784    121.78718008608105    100.98129536301012      h
  113.50640017177616    118.13811892347887     97.58167804994885      h
  116.66224281369519    117.21971202289646     98.32811987243868      h
  117.86032918194468    121.95536571190787     97.75364312804143      h
  114.68558927869681    122.47315067231854     96.78232389573823      h
  118.65590388388954    113.24183851317217    113.94859608687140      o
  119.48549365622634    112.76751725381787    112.31209325579243      h
  119.62533339005986    114.72905297975318    114.43236597689013      h
  107.77367290429351    113.61646997573800    115.09443700619644      h
  105.29022928419914    115.20371122917035    104.57682234325041      h
  123.15919054118429    114.29499413644616    103.85212371381958      h
  116.78236218972756    120.72570273038085     94.80801876012811      h
$user-defined bonds
$end
