$coord
  100.62224739776184    116.69436815795424    121.93268899831325      c
  100.35957546529073    118.20803879039563    120.53429165997787      h
  100.05721928402905    117.46159696790582    123.78273088240829      h
  103.40770371763527    115.89501400374361    121.92701981991459      c
  104.43949418619086    116.92869419843205    123.42179319102713      h
  103.65525784104329    113.90702211194792    122.38811299633869      h
  104.84956475702704    116.41279896415429    119.45525803810017      c
  104.01241608015869    118.28929701410972    118.17024426773793      o
  106.71850390245093    115.08054204046991    118.89211965050025      o
   98.84023565445069    116.58098458998110    111.38990690294425      c
   99.38447678072174    114.58921324591964    111.66391719221266      h
   99.86635694460759    117.22727092742799    109.70427119241025      h
   99.83990077874719    118.07575796109364    113.62167346588218      c
   98.74952880007217    119.79162928975381    114.67425092189949      o
  102.17560227899385    117.25183736715550    114.13567897402709      o
  103.03353794332394    117.91702096593126    115.94225715706575      h
  114.22071665000693    115.99139003652078    112.25729119793876      c
  115.76462290057451    116.92869419843205    113.27585358356411      h
  112.49917614294810    117.15357160824544    112.50295559521388      h
  113.69537278506472    113.49506181497884    113.48939263658019      c
  114.12245089109688    113.02640973402320    115.68525440299331      o
  112.54830902240315    111.64313020475092    112.12123091637099      o
  112.29697544672935    112.00784734839785    110.32599109012962      h
  107.69360258701992    122.69991780826483    103.17337767715746      c
  106.73362171151402    120.41712863973896    104.68137913120022      c
  105.97206207996111    121.32797663578982    107.33644434790453      c
  103.81588456233858    119.87666696573366    108.57421496494463      c
  104.39980993740025    117.30474969887631    109.48317323486263      n
  104.09367430387277    117.07042365839848    111.41069389040599      h
  104.45650172138683    115.25628657082827    108.07343753972994      c
  104.45083254298817    112.78830424127962    109.07310266402645      c
  104.34500787954656    110.54897877381013    107.67470532569106      c
  104.34311815341368    108.18682110770308    108.96160882218618      c
  104.48484761338010    105.86812714265240    107.75785327553804      c
  104.68515858346598    103.51730783334266    109.00885197550834      c
  105.28609149372362    101.24963647387987    107.82399369018903      c
  105.66403672030074     99.06133361199831    109.38868692821835      c
  106.26874908282414     96.68783758909393    108.53453071615402      c
  106.67126074912879     94.37859225470768    109.95938422034982      c
  107.07188268930054     94.45418130002309    112.85444465593061      c
  107.98084095921854     91.85202841503958    113.81820498370229      c
  106.43126553025230     89.66750500542378    112.77129670608365      c
  106.77708541257039     89.58435705557680    109.91592051929344      c
  106.66937102299590     92.13170788270665    108.63846565346275      c
  106.46528060064425     91.88793321156440    105.80954563253293      c
  107.57643956678102     90.24765092821966    105.17270792575047      h
  104.49240651791165     91.47219346232957    105.27664286305918      h
  107.07377241543344     93.53955385170646    104.71539420159215      h
  108.62334784439966     88.71508303444941    109.43404035540759      h
  105.37301889583635     88.33146862947363    109.01452115390700      h
  107.00196282238377     87.85525764398643    113.61978373974929      h
  104.41492774646333     89.89805159363583    113.23427960864063      h
  109.97261230328002     91.61014347003022    113.23994878703928      h
  107.96950260242123     91.86714622410265    115.89879345600939      h
  104.60201063361902     95.14393133852637    114.25662144653177      c
  103.15070096356284     93.67561413327422    114.00339814472510      h
  104.98184558632903     95.32723477341628    116.29752567004826      h
  103.77620031354797     96.93350198636908    113.61033510908487      h
  109.18648623199960     96.34768688517453    113.54419469443387      c
  109.69482256174582     96.11336084469670    115.55108384755843      h
  110.90046783452686     95.97163138473029    112.41791791923403      h
  108.65358346252583     98.33189932470444    113.26451522676679      h
  106.39158128146171     96.47051908381208    106.49173676650466      h
  105.42971067982292     99.39770486365194    111.40502471200733      h
  105.69994151682556    101.14381181043829    105.00452229992366      c
  105.63380110217457     99.21251170262916    104.26185992969960      h
  104.29020582169288    102.27197831177101    103.98218046203252      h
  107.58021901904679    101.92426870332005    104.55854693256263      h
  104.51886268377204    103.51352838107688    111.07243291261946      h
  104.55476748029687    105.84734015519065    105.69427233842691      h
  104.32233116595194    108.22272590422790    111.02707948543019      h
  104.22217568090900    110.56598630900611    104.82877776956529      c
  105.91348056984164    109.70427119241025    103.97840100976676      h
  102.58567284983003    109.46238624740089    104.17304280145396      h
  104.03320306762043    112.47649942935350    104.07288731641103      h
  104.41492774646333    112.64468505518032    111.13290414887179      h
  104.46784007818412    115.56998110888728    106.03442304234632      h
  103.16392904649304    120.89711907749191    110.25985067547863      h
  102.20583789712002    119.76139367162764    107.25140667192468      h
  107.62935189850181    121.36388143231467    108.60445058307080      h
  105.29742985052093    123.29329181399090    107.18148680500792      h
  105.04987572711292    119.63289229459143    103.72139825569430      h
  108.13579850211516    118.87889156757005    104.83444694796394      h
  109.28475199090964    123.57486100779087    104.21272705024457      h
  106.13835797965503    124.07941788527133    103.15259068969571      h
  111.69982198873750    114.35866665770759    120.11099300621149      o
  111.95304529054417    114.07709746390762    118.28362783571107      h
  109.79119859452298    114.28685706465794    120.11288273234437      h
   99.19453736523037    115.24950449286925    121.59093585743925      h
   96.83058158532613    116.67572923733026    110.94821002586573      h
  114.66020853768028    115.83471317022031    110.25103064726078      h
  108.26668463901403    122.33370439942958    101.22909198368478      h
$user-defined bonds
$end
