$coord
  227.76113189217503    224.35962485298089    235.56948027325851      c
  227.45310653251468    225.72778657319009    234.03313292722248      h
  227.23767775336572    225.32338518075258    237.33070502910795      h
  230.53147040298541    223.59995494756086    235.69231247189609      c
  231.67853416564699    225.24968586157001    236.26112003789467      h
  230.83004713198133    222.19021925242816    237.17574748621129      h
  231.80514581655032    222.68343777311131    233.30936781832730      c
  231.10405742124973    222.86863093413410    231.12295468257861      o
  234.04447128401981    221.55905072404437    233.83282195713662      o
  234.63595556361301    220.80693972315589    232.25868008844287      h
  225.88841329448536    224.53725910947213    225.53881395990152      c
  226.50068456154031    222.70611448670593    226.30982222211887      h
  227.05626404460870    224.97756529843448    223.88530359362656      h
  226.21722564160748    226.72745169748660    227.38696611786369      c
  225.14008174586263    228.72678194607963    227.23011884883419      o
  228.02002437238036    226.43265442075642    229.17842649183928      o
  228.59828056904337    224.69788583076740    229.39574499712114      h
  241.34637306148994    223.61696248275683    226.13407769176052      c
  243.07547247308028    223.80593509604540    227.26791337149189      h
  240.18986066816390    225.32527490688543    226.48178730021147      h
  239.76845174053039    221.42488016860949    226.97689554702751      c
  238.39651056805542    220.10207187558953    225.69755095506392      o
  239.91962983116125    221.04315548976658    229.52046692189157      o
  238.93886196819363    219.51814650052788    229.87384570874119      h
  234.83059735530023    230.34816696809548    217.03693608804900      c
  233.86116784912991    228.10128259609445    218.58651151701525      c
  233.14496164476623    229.09149908972654    221.22834865078937      c
  230.96232796128331    227.73467572631463    222.51903159955026      c
  231.49523073075707    225.14197147199553    223.43554877399978      n
  231.50089990915572    224.91331460991640    225.34417216821430      h
  231.50467936142149    223.05571382128980    222.02203362660134      c
  231.38373688891681    220.61040820533577    222.98768368050591      c
  231.52735607501614    218.34651629813877    221.58550688990474      c
  231.37428825825239    215.99758671496193    222.83461586374216      c
  231.76168211549395    213.67889274991123    221.64975757842288      c
  231.85994787440399    211.33185289286723    222.88185901706430      c
  232.48733695052204    209.05284317660718    221.68755210108057      c
  232.75378833525892    206.85320195792829    223.23145835164817      c
  233.36416987618097    204.46647785209370    222.37919186571673      c
  233.70998975849906    202.16101196997323    223.79648646538095      c
  233.98777950003324    202.19502704036518    226.70666471002485      c
  234.88539941315392    199.58342552471720    227.65908668099920      c
  233.37172878071252    197.40835074576583    226.54225853646381      c
  233.79313770834602    197.36488704470946    223.69822070647092      c
  233.75723291182118    199.91979677637087    222.44344255423485      c
  233.68164386650577    199.70436799722191    219.60885335490639      c
  234.81925899850290    198.07164461840870    219.00603071851586      h
  231.73711567576643    199.27728989118975    218.99658208785144      h
  234.32226102555401    201.36732699416126    218.55249644662331      h
  235.64317959244107    196.48805411905053    223.24657616071124      h
  232.40796845294082    196.13845478446669    222.72879120030058      h
  233.92919798991380    195.58854447979698    227.37751748719924      h
  231.34405264012622    197.62000007264902    226.95988801183154      h
  236.89417829241134    199.36043784103671    227.13185308992411      h
  234.81736927237003    199.57019744178703    229.73967515330631      h
  231.45932593423225    202.83942365167917    228.01246546784884      c
  230.00234708577742    201.41079069521763    227.60995380154418      h
  231.73333622350066    202.90745379246306    230.07793613109283      h
  230.69587657654642    204.67623745284402    227.42476064052138      h
  236.05136043714435    204.09798125618101    227.52113667329857      c
  236.45765155571476    203.84097850210856    229.54692308775199      h
  237.82014409752531    203.75027164773005    226.47989757407856      h
  235.51845766767062    206.08219369571094    227.24523665789727      h
  233.54747331107086    204.26427715587494    220.33828764220024      h
  232.43064516653547    207.16311704372154    225.24023723090556      h
  232.95787875761056    208.99804111875346    218.87752934147963      c
  233.31125754446015    207.09319717680475    218.14809505418575      h
  231.33649373559470    209.79361582069834    217.84573887292407      h
  234.62083775454994    210.16400214274393    218.41265671278975      h
  231.53491497954766    211.29216864407667    224.92276324058079      h
  232.11128145007780    213.68834138057565    219.61641225943791      h
  231.01335056687122    215.99758671496193    224.86796118272713      h
  231.95065472878250    218.42210534345421    218.77737385643670      c
  233.96321306030572    218.11596970992670    218.34273684587299      h
  230.86217247624037    216.95567786433494    217.79093681507038      h
  231.39507524571414    220.24569106168886    217.98179915449182      h
  231.11539577804706    220.45734038857202    225.03047763015530      h
  231.57081977607251    223.40153370360784    219.99057803374927      h
  230.35572587262703    228.80048126526214    224.19521867941981      h
  229.32582513020435    227.65152777646767    221.22834865078937      h
  234.81736927237003    229.10850662492251    222.47745762462679      h
  232.52135202091398    231.07004235085779    221.03181713296928      h
  232.15474515113416    227.32082570321271    217.66054571190128      h
  235.24633710453506    226.54981744099535    218.74902796444343      h
  236.41985703305707    231.22877934602019    218.06872655660459      h
  233.27913220020110    231.73144649736776    216.99914156539131      h
  239.21854143586069    221.86518635757184    234.40351924926807      o
  238.95209005112380    222.53225968248046    232.71599381260120      h
  237.69164272048911    222.33005898626169    235.30491861465453      h
  226.33183938955975    222.88682067823802    235.39411504922916      h
  223.93462605410667    224.39674701341752    224.90182579112053      h
  241.79189377043480    223.45917389833883    224.12923450150853      h
  235.40366795498005    229.96285055021784    215.09634249255620      h
$user-defined bonds
$end
