$coord
  109.09766910375396    115.16746944258264    115.16180026418400      c
  108.77452593503051    116.37878389376235    113.49128236271308      h
  108.46461084923726    116.29185649164960    116.78885446459853      h
  111.89446378042472    114.57220571072367    115.45659754091415      c
  112.82987821620310    116.40524005962273    115.80808660163088      h
  112.24217338887567    113.43081112646074    117.15168188211257      h
  113.54797414669966    113.44970838778958    113.36278098567685      c
  115.43581055345240    112.28185763766626    114.00339814472510      o
  113.10955768387016    113.84277142342981    110.95526989238056      o
  111.72816788073078    115.02196053035044    110.25229177094710      h
  107.31754708657567    115.19014615617728    105.02152983511962      c
  108.03186356480646    113.23427960864063    105.10089833270082      h
  108.31343275860641    116.09343524769660    103.43793933576146      h
  108.12068069305208    116.47327020040662    107.49329161693404      c
  106.68448883205899    117.68647437771921    108.85578415874460      o
  110.51118425115241    116.10099415222815    107.94304643656083      o
  122.62621848908229    114.32843103958142    105.80009700186851      c
  124.19847063164313    115.12211601539339    106.89802788507507      h
  120.99538483640198    115.62289344060808    106.00418742422016      h
  121.80985679967569    111.79052884311599    106.90936624187238      c
  120.70814646420334    110.18048217789743    105.52797643873298      o
  122.24827326250515    111.48628293572142    109.23750883758748      o
  116.22004689859995    121.09554032144491     96.75964718214360      c
  115.29219136735310    118.82597923584925     98.32056096790714      c
  114.82353928639746    119.73682723190014    101.05688440832554      c
  112.58799327119374    118.56897648177680    102.46095092505958      c
  112.89223917858833    115.99705921491945    103.48329276295071      n
  112.23272475821123    115.80619687549799    105.37490862196924      h
  113.23616933477351    113.97883170499757    102.10568241207707      c
  112.97538712843530    111.49006238798718    103.06188383531720      c
  113.22672070410908    109.31876706130157    101.62758170045701      c
  112.92814397511316    106.88479980214487    102.79165299831458      c
  113.30419947555740    104.64169488240961    101.55010292900870      c
  113.30042002329164    102.20961734938579    102.71606395299914      c
  113.89757348128349     99.99107886937803    101.48207278822481      c
  114.11111253429956     97.70451024858642    102.97684615933736      c
  114.74228106268338     95.36313956994110    102.09812350754554      c
  115.06353450527394     92.98964354703674    103.48707221521647      c
  115.37155986493430     93.00476135609982    106.39347100759460      c
  116.27484895645364     90.39315984045187    107.33644434790453      c
  114.76873722854377     88.21808506150049    106.21205729883758      c
  115.20337423910748     88.19162889564008    103.36801946884469      c
  115.12022628926050     90.77299479316187    102.14347693473479      c
  115.01251189968602     90.56701464467734     99.30321855700767      c
  116.26351059965631     89.02877757250843     98.66071167182656      h
  113.09443987480709     90.00954543547607     98.69850619448427      h
  115.52462768169804     92.28099624720461     98.26197945778767      h
  117.06097502773406     87.32046514837980    102.93527218441386      h
  113.81820498370229     86.95574800473288    102.40992831947166      h
  115.32242698547927     86.39449934326585    107.05109570183880      h
  112.73917136182459     88.44107274518099    106.61834841740800      h
  118.28173810957819     90.17962078743578    106.80354157843078      h
  116.21437772020128     90.37615230525590    109.41703282021163      h
  112.85444465593061     93.64915796741383    107.73139710967763      c
  111.39368635521002     92.22052501095229    107.33644434790453      h
  113.14735220652788     93.72096756046348    109.79308832065587      h
  112.09288502437771     95.48408204244578    107.14369228235020      h
  117.44080998044407     94.90204639351700    107.19849434020388      c
  117.86221890807757     94.64504363944457    109.22050130239151      h
  119.20014501016061     94.55244705893315    106.14024770578793      h
  116.90601748483743     96.88436910691404    106.91692514640393      h
  114.99739409062293     95.20251284864582    100.06288846242769      h
  113.75206456905130     97.98418971625348    104.98562503859479      h
  114.42669679849146     99.98540969097938     98.67393975475674      c
  114.84999545225786     98.09568355809374     97.94450546746289      h
  112.80342205034270    100.73752069186787     97.61002394194213      h
  116.06319962957043    101.20239332055775     98.24686164872459      h
  112.93570287964469    102.13591803020326    104.75129899811698      h
  113.76529265198150    104.70783529706061     99.54132404975125      h
  112.45949189415752    106.84511555335426    104.79854215143912      h
  113.88623512448618    109.43593008154049     98.86858154644398      c
  115.89690372987650    108.97105745285062     98.58890207877690      h
  112.75239944475479    108.09233480105880     97.76309175870587      h
  113.54419469443387    111.32187676216036     98.09568355809374      h
  112.50484532134676    111.34644320188787    105.06310381004312      h
  113.68025497600163    114.30008514758813    100.11769052028137      h
  112.10989255957367    119.72170942283704    104.11635101746739      h
  110.91369591745706    118.58220456470700    101.21184195122217      h
  116.56397705478513    119.54596489247868    102.18694063579116      h
  114.37567419290356    121.77395200315085    100.97751591074436      h
  113.49884126724461    118.12300111441580     97.50419927850054      h
  116.64334555236633    117.23860928422530     98.33756850310310      h
  117.83576274221717    121.96103489030654     97.76687121097163      h
  114.66480229123506    122.48448902911586     96.77098553894091      h
  120.47004097145975    113.07743233961112    113.48183373204864      o
  120.88578072069460    112.68247957783802    111.70171171487037      h
  118.64645525322510    112.84310629913330    113.59332757388890      h
  107.69205586042968    113.66550900042016    115.05621429285446      h
  105.31772152636995    115.13109090473496    104.53163968110951      h
  123.13809700749688    114.21010068077908    103.80842422112804      h
  116.77648371132827    120.72829202504421     94.81072724556266      h
$user-defined bonds
$end
