$coord
  341.35445946606393    340.63825326170030    354.75828692662179      c
  341.25241425488809    341.97239991151753    353.16713752273211      h
  340.65904024916205    341.63980811212969    356.44203291102292      h
  344.05109865769174    339.73307444404804    355.20804174624857      c
  345.14902954089831    341.24107589809080    356.13589727749547      h
  344.11723907234273    338.13436613562681    356.51006305180681      h
  345.64791723998013    339.10379564179715    352.92525257772274      c
  347.55465090806177    337.82823050209930    353.00084162303818      o
  344.78620212338427    340.22818269086412    350.85411273608003      o
  345.96350150417203    339.98251829358895    349.45949485001046      h
  339.57622717501857    340.66281970142779    344.30054250723265      c
  340.21117515566817    338.69183534482806    344.56132471357085      h
  340.60045873904255    341.36201837059548    342.63947323642617      h
  340.44739092227883    342.14625471574305    346.58711112802428      c
  339.09434701113270    343.15725819683684    348.14991463992072      o
  342.95127804835232    342.21428485652694    346.78931182424304      o
  354.87167049459492    339.84834773815408    345.12635282730372      c
  356.54407812219875    340.33211762817280    346.26207823316798      h
  353.50539850051865    341.40170261938607    345.42303983016672      h
  353.60933343782739    337.46351335845242    346.17704055718809      c
  353.00084162303818    335.65315572314796    344.75596650525813      o
  353.17280670113075    337.46162363231952    348.53163931876361      o
  348.48439616544147    346.61167756775183    336.05944684171840      c
  347.57165844325772    344.28731442430245    337.52965377310341      c
  346.91592347514643    345.11879392277211    340.23763132152851      c
  344.59911923622860    343.83378015240993    341.37902590579148      c
  344.95627747534400    341.29209850367874    342.44483144473895      n
  343.83378015240993    341.57366769747864    345.15658844542986      h
  345.22272886008085    339.34568058680651    341.00108067921428      c
  345.16981652836006    336.80399893807532    341.98940744671353      c
  345.33989188031978    334.61569607619373    340.61179709583990      c
  345.19627269422045    332.18928772156858    341.86657524807595      c
  345.52886449360835    329.93295471890309    340.66092997529495      c
  345.58933572986064    327.51788472107523    341.88736223553769      c
  346.16192274812505    325.27666952747285    340.70628340248419      c
  346.43215358512771    323.02411597707322    342.25207937918464      c
  347.07466047030874    320.67140694163061    341.41682042844917      c
  347.43370843555709    318.32814653685239    342.85490201557514      c
  347.86267626772207    318.42452256962952    345.74429327275732      c
  348.79431125123472    315.83937721984199    346.72506113572496      c
  347.24284609613557    313.63784627503020    345.72161655916267      c
  347.56032008646037    313.53013188545577    342.86435064623959      c
  347.42614953102549    316.07748271258555    341.57366769747864      c
  347.18426458601618    315.80158269718430    338.74474767654885      c
  348.30487218281735    314.16319013997241    338.10413051750066      h
  345.20950077715065    315.36883541275347    338.22696271613819      h
  347.76818996107784    317.44942388506053    337.63169898427924      h
  349.39902361375812    312.64196060299952    342.38058075622087      h
  346.13168712999885    312.27346400708677    342.00074580351088      h
  347.82110229279863    311.83693727039019    346.58711112802428      h
  345.23028776461240    313.87973122003962    346.20160699691559      h
  350.77852369076464    315.59938200096553    346.12223849933440      h
  348.81131878643066    315.87717174249968    348.80564960803207      h
  345.40981174723652    319.11238288199991    347.17481595535173      c
  343.94716372038300    317.65540403354510    346.92159265354502      h
  345.81232341354121    319.27867878169388    349.21572017886820      h
  344.59533978396280    320.91140216050701    346.54742687923368      h
  349.96594145362377    320.33881514224271    346.40947687153306      c
  350.46482915270565    320.14417335055549    348.42203520305628      h
  351.68181278228400    319.95142128500117    345.29642817926344      h
  349.42170032735277    322.31168922497534    346.08822342894246      h
  347.31087623691946    320.47676514994333    339.37969565719845      h
  346.10334123800556    323.35103859806242    344.25896853230921      h
  346.65703099494107    325.18596267309437    337.89437091675035      c
  346.57577277122698    323.25466256528523    337.14603936812762      h
  345.27942064406744    326.32924698349018    336.83990373460011      h
  348.55053658009246    325.94941203078019    337.47107226298391      h
  345.27753091793454    327.49520800748064    343.93204591131996      h
  345.87846382819220    329.95941088476349    338.62947438244282      h
  344.86935007323126    332.19684662610013    343.90558974545957      h
  345.76696998635191    334.63270361138973    337.80177433623896      c
  347.71149817709124    334.02421179660053    337.37658595633968      h
  344.46683840692657    333.33635148423019    336.82667565166997      h
  345.48729051868486    336.52054001814247    337.01942771722423      h
  344.90525486975605    336.66982838264039    344.03220139636289      h
  345.40603229497077    339.59701416248026    338.94883809890052      h
  343.90747947159247    344.99974117640033    342.95316777448522      h
  343.07599997312275    343.78842672522069    339.94661349706411      h
  348.56376466302265    344.87879870389571    341.49240947376461      h
  346.46805838165250    347.15213924175714    340.20550597726947      h
  345.85578711459755    343.53520342341398    336.60368796798940      h
  348.97194550772599    342.74340817373491    337.59012500935575      h
  350.08877365226135    347.47150295821478    337.08934758414102      h
  346.92159265354502    347.98928791862545    336.08590300757874      h
  352.60399913513220    338.84490316159179    353.10666628647976      o
  352.72494160763682    338.65215109603747    351.23772714105581      h
  350.82954629635259    338.50475245767240    353.41091219387431      h
  339.94143223672324    339.17087883123111    354.45341238370588      h
  337.57005467986698    340.64399502654032    343.83395949395003      h
  355.38762029928046    339.73722008791412    343.13531576050451      h
  349.03731632122526    346.25192951702667    334.10812862105354      h
$user-defined bonds
$end
