$coord
  464.26602660121193    450.92078065077351    434.91857975749792      c
  464.93687937838632    448.96113465097113    434.73716604874090      h
  464.84428279787500    451.96201974999354    433.19892897657201      h
  465.54726091930843    452.18311770754116    437.10877234551236      c
  464.72145059923736    453.72135477971005    438.57142037236582      o
  468.03414051018592    451.43478615891843    437.25428125774454      o
  468.76357479747975    452.48736361493570    438.58275872916317      h
  479.10604592276292    449.39010248313616    431.39801997193194      c
  480.25877886382312    447.70635649873503    431.78352410304063      h
  479.96209186096013    451.02282586194934    432.34477276450770      h
  476.48121632418474    448.92334012831344    432.43736934501908      c
  475.38517516711107    450.21969225547298    433.99450367851682      o
  475.40029297617417    446.81062631174728    431.48494737404468      o
  473.61828123286296    446.79361877655128    431.97249671632920      h
  471.01990780014523    457.75592007342095    425.51341279412605      c
  470.39440845016009    455.27659938707495    426.91558958472717      c
  471.31281535074248    455.53360214114736    429.66892056034163      c
  469.80292417056688    454.18811713453283    431.72305286678829      c
  469.97866870092525    451.41021971919093    431.85533369609027      n
  470.19787693234002    450.72613885908635    433.64301461780008      h
  469.55725977329178    449.76615798358040    430.05442469145027      c
  469.47411182344479    447.14321811113513    430.53252540307034      c
  469.11884331046230    445.24971252598374    428.73728557682892      c
  469.11695358432939    442.68913361592365    429.57632397983019      c
  468.88640699611733    440.63500130947699    427.99840265887065      c
  469.10183577526630    438.08387103008141    428.78641845628397      c
  469.08104878780455    436.05052571109638    427.14235672067349      c
  469.57048785622192    433.56931529861754    428.17414718922907      c
  469.60450292661386    431.34699736634400    426.84000053941179      c
  470.09205226889839    428.78641845628397    427.72628209573514      c
  471.35249959953313    428.31398692306260    430.32087607618718      c
  472.11216950495310    425.50774361572741    430.58921718705693      c
  470.02780158038030    423.69927570655585    429.77852467604896      c
  469.52135497676693    424.08855928993029    426.97417109484667      c
  469.38529469519915    426.82299300421585    426.17292721450315      c
  468.30437134718858    427.10645192414864    423.55565652045652      c
  468.93553987557237    425.51719224639186    422.37268796127012      h
  466.22567260101437    426.96283273804931    423.62746611350622      h
  468.77302342814420    428.86578695386521    422.57110920522314      h
  471.01423862174659    423.16259348481634    425.83655596284950      h
  467.76390967318326    423.14180649735459    426.36756900619037      h
  470.56070434985401    421.72262217155748    430.15269045036035      h
  468.28925353812548    424.05454421953834    430.87645555925548      h
  473.79024631095558    425.16948263794092    429.39679999720607      h
  472.70176405841346    425.15814428114356    432.55453236525796      h
  469.57804676075352    428.98294997410414    432.54508373459356      c
  467.89619050248524    427.76029716612709    432.57720907885260      h
  470.58338106344866    428.70893968483568    434.34977219149937      h
  468.90530425744618    430.94448570003937    432.49595085513852      h
  473.83182028587908    429.84088563843414    430.52307677240594      c
  474.85983130216886    429.27585752470139    432.24461727946476      h
  475.06770117678633    429.43459451986382    428.89980202425716      h
  473.53324355688312    431.89312821874802    430.60433499612003      h
  469.13396111952534    431.48872682631048    424.83878056468586      h
  469.96544061799506    433.55419748955444    430.19426442528379      h
  468.63318369431067    436.44925792513527    424.35690040080004      c
  468.47255697301540    434.67291536022276    423.30621267091561      h
  466.90030483045456    437.54718880834184    424.02997777981085      h
  470.22055364593461    437.52451209474719    423.54620788979213      h
  469.43631730078704    437.72104361256731    430.79519733554145      h
  468.60294807618448    440.98649037019374    425.98584432734748      h
  469.39096387359780    442.35276236427001    431.60022066815071      h
  468.81837685533344    445.84308653170984    425.97261624441728      c
  470.52857900559496    445.26860978731258    424.93137714519730      h
  467.21588909464646    444.79239880182541    425.16570318567511      h
  468.50468231727444    447.85186541096726    425.59656074397304      h
  469.62151046180986    446.56118246220638    432.51862756873311      h
  469.27380085335892    450.54283542419643    428.16469855856462      h
  470.46054886481107    454.79849867545488    433.58632283381348      h
  467.79603501744231    454.68889455974750    431.55108778869567      h
  473.33293258679726    455.03660416819844    429.81820892483955      h
  471.15974753397876    457.54238102040483    430.20560278208114      h
  468.33082751304897    454.99314046714210    426.88724369273393      h
  471.29391808941364    453.61175066400267    426.03497720680252      h
  472.90774420689803    458.40976531539934    426.14080187024410      h
  469.61395155727831    459.15431741175627    426.16536830997160      h
  462.20848815790123    450.97524099691663    434.99827782502445      h
  479.05630370590831    449.62310549892868    429.35204405236078      h
  471.01713073611268    457.70593292083493    423.45421981398488      h
$user-defined bonds
$end
