$coord
  454.85896991170722    453.97079862925096    467.92075694221279      c
  454.63976168029251    455.29171719613805    466.32393835992440      h
  454.35063358196095    454.99880964554075    469.65552553220181      h
  457.59529335212562    453.05428145480147    468.04736859311612      c
  458.76125437611603    454.59440825310327    468.84672274732674      h
  457.73135363369340    451.52360328716406    469.43253784852129      h
  459.03904411765029    452.24169921766060    465.60773215556077      c
  458.10929886027048    452.68578485888872    463.48745943446306      o
  461.14986820808355    451.18534230937752    466.06504587971909      o
  452.97869240948597    454.07095411429390    457.79749404834439      c
  453.46246229950469    452.33996497657063    458.83684342143152      h
  454.12386644601474    454.07095411429390    456.05705627995673      h
  453.98591643831406    456.26681588070704    459.31116468078579      c
  455.96634942557819    456.16477066953121    460.43177227758702      o
  452.70468212021757    458.47779545618323    459.12597151976303      o
  453.68922943545101    459.71745579935617    460.07650376460447      h
  468.36295285730802    453.14120885691415    458.52692833563822      c
  469.98811733158965    453.75348012396915    459.66076401536964      h
  466.79259044088002    454.47535550673143    458.87463794408922      h
  467.39730280340348    450.59574775591722    459.30927495465295      c
  466.29559246793110    449.07262849281142    457.97512830483561      o
  467.76013022091746    450.05906553417771    461.77536755806864      o
  466.69432468196999    448.58696887665980    462.13819497558273      h
  461.85662578178272    459.99902499315613    449.44868399325560      c
  460.91365244147283    457.73513308595921    451.00581832675340      c
  460.53003803649705    458.64031190361140    453.74403149330465      c
  458.45889819485438    457.35340840711626    455.28037883934076      c
  458.91432219287981    454.74747606986693    456.17988847859431      n
  458.65920916494025    454.48858358966163    458.08851187280879      h
  458.92944000194285    452.71791020314782    454.71346099947499      c
  458.67243724787045    450.24614842133332    455.62052954326015      c
  458.72723930572408    448.05217638105313    454.13520480281204      c
  458.48346463458188    445.65978309681992    455.32195281426419      c
  458.77448245904628    443.36943502376255    454.08796164948990      c
  458.85952013502617    440.99593900085813    455.31061445746690      c
  459.45856331915087    438.73393681979405    454.10874863695165      c
  459.74958114361522    436.51728806591916    455.65643433978494      c
  460.37130104133462    434.15135094754635    454.79849867545488      c
  460.72467982818426    431.81753917343258    456.20256519218890      c
  461.01947710491442    431.83454670862852    459.11085371069993      c
  461.91520729190222    429.21727601458196    460.04437842034542      c
  460.39964693332792    427.04787041402921    458.92377082354426      c
  460.81727640869565    427.02141424816881    456.07784326741847      c
  460.76625380310776    429.59333151502614    454.84763155490987      c
  460.66798804419767    429.38735136654162    452.00926290331569      c
  461.82639016365658    427.77163552292438    451.38943273172919      h
  458.72345985345839    428.93948627304775    451.40266081465938      h
  461.28403876351842    431.06164872027830    450.95668544729836      h
  462.66164911439205    426.13702241797836    455.62241926939299      h
  459.41887907036028    425.80632034472336    455.11597266577962      h
  460.95522641639627    425.22050524352881    459.75147086974812      h
  458.37008106660875    427.26518891931102    459.34329002504489      h
  463.92020671889389    428.99617805703429    459.50202702020721      h
  461.86418468631427    429.19270957485440    462.12496689265248      h
  458.49480299137917    432.47894331994257    460.42988255145411      c
  457.01514742932977    431.09188433840450    459.96689964889708      h
  458.75936464998318    432.47138441541102    462.49724294083097      h
  457.77103788248399    434.34788246536647    459.90264896037900      h
  463.08683749429133    433.72805229377997    459.93477430463804      c
  463.46856217313422    433.48805707490345    461.96622989749011      h
  464.86695951146959    433.35955569786728    458.91621191901271      h
  462.57094226001357    435.71415445944274    459.63052839724344      h
  460.56027365462319    433.95670915585907    452.75948417807126      h
  459.44722496235352    436.83098260397816    457.66710294517532      h
  459.89697978198035    438.66779640514306    451.29116697281910      c
  460.21067432003935    436.75539355866277    450.56551213779102      h
  458.27937421223021    439.48415809454963    450.27260458719377      h
  461.57505658798277    439.80352181100733    450.80361763053463      h
  458.57228176282752    440.96192393046618    457.35907758551491      h
  459.08439754483953    443.39778091575579    452.04894715210628      h
  458.16599064425708    445.63521665709237    457.35907758551491      h
  459.13730987656032    448.20146474555111    451.32707176934395      c
  461.13664012515329    447.84997568483436    450.86597859291982      h
  457.99780501843026    446.79928795494999    450.30661965758571      h
  458.62519409454831    450.06662443870920    450.59574775591722      h
  458.36630161434294    450.05906553417771    457.65198513611222      h
  459.11463316296567    453.09585542972491    452.69334376342027      h
  458.11685776480209    458.44189065965844    457.00569879866526      h
  456.67688645154323    457.36852621617936    454.18811713453283      h
  462.33661621953570    458.57417148896042    454.78338086639178      h
  459.95178183983398    460.64342160447018    453.67222190025507      h
  459.08439754483953    457.08506729624651    450.22725116000453      h
  462.22323265156257    456.10618915941171    450.98125188702591      h
  463.47045189926712    460.86451956201779    450.46157720048234      h
  460.30705035281653    461.38608397469426    449.45246344552140      h
  465.84583764830433    451.66344302099759    466.37496096551229      o
  466.09906095011104    451.38187382719764    464.54759579501194      h
  463.93721425408984    451.59163342794795    466.37685069164519      h
  453.37377474037407    452.55132005841926    467.77223742507942      h
  450.99088646878749    454.03522125117883    457.25885422286882      h
  468.80530481809200    453.09338702331593    456.51575455597799      h
  462.41611561547052    459.63765874147253    447.49953861255278      h
$user-defined bonds
$end
