$coord
  114.53063173580018    110.85133495507182    122.13866914679777      c
  113.97316252659891    112.47271997708772    120.95948003987714      h
  114.40213035876396    111.46549594825967    124.11343295566327      h
  117.29719079434476    110.14268765523971    121.57175130693209      c
  118.52551278072042    111.59399732529589    122.42779724512928      h
  117.82820383768562    108.36445536419433    122.49204793364738      h
  118.22504632559161    109.91025134089477    118.85243540170964      c
  116.96270926882400    109.93292805448941    116.91546611550186      o
  120.72326427326644    109.62679242096193    118.72960320307209      o
  121.31663827899251    109.56254173244383    116.92113529390052      h
  112.49350696454947    111.38045827227981    112.19304050942064      c
  113.21727207344466    109.66836639588541    113.12089604066749      h
  113.69159333279894    111.81509528284352    110.54897877381013      h
  112.50106586908100    113.73883648612110    113.90702211194792      c
  111.26140552590802    115.61722426220943    113.49128236271308      o
  114.04686184578145    113.68403442826741    115.89690372987650      o
  114.90668723624442    112.04753159718844    116.08965579543084      h
  127.85887015104261    110.15780546430280    112.76751725381787      c
  129.33474626082631    109.13924307867744    113.82387416210095      h
  127.81918590225202    112.11934119023810    113.44403920939092      h
  125.31718850231142    108.83310744514996    113.24372823930506      c
  125.09798027089670    106.56921553795296    112.58799327119374      o
  123.56163292486066    110.11623148937932    114.35488720544183      o
  121.48293417868646    116.96270926882400    103.69116263756814      c
  120.58909371783156    114.71393517069009    105.30120930278670      c
  120.17524369472960    115.67013659393022    108.01296630347760      c
  118.61621963509894    113.92213992101100    109.70238146627736      c
  119.72737860123570    111.42770142560197    110.22772533121957      n
  121.02184100226236    111.25573634750937    111.67336582287709      h
  119.01306212300493    109.37167939302238    109.01452115390700      c
  119.68202517404644    106.89046898054353    109.65891776522101      c
  118.82031005745060    104.76263735491429    108.36445536419433      c
  119.18502720109753    102.34000845255490    109.47561433033108      c
  118.79385389159019    100.07233709309213    108.26429987915138      c
  119.07731281152303     97.70073079632064    109.48128350872975      c
  119.36077173145588     95.40471354486458    108.27185878368293      c
  119.68958407857799     93.19940314778704    109.83466229557936      c
  120.18280259926114     90.80512013742093    108.99562389257812      c
  120.53429165997787     88.50154398143333    110.45449246716585      c
  120.93302387401674     88.61681727553935    113.34577345048088      c
  121.83253351327031     86.02789247348602    114.34354884864450      c
  120.26595054910811     83.83392043320579    113.34766317661376      c
  120.57208618263559     83.70352933003667    110.49039726369068      c
  120.47948960212419     86.23765207423632    109.17892732746803      c
  120.22437657418462     85.95608288043637    106.35567648493688      c
  121.27128485180329     84.27422662216814    105.72261823042020      h
  118.22882577785738     85.60459381971964    105.85489905972219      h
  120.87066291163153     87.57368845018648    105.23128943586993      h
  122.39945135313600     82.80024023851735    109.99528901687464      h
  119.13400459550961     82.45819980846504    109.63246159936060      h
  120.83853756737246     82.03301142856577    114.22260637613982      h
  118.25528194371779     84.08336428274669    113.83332279276537      h
  123.81674595280023     85.77277944554646    113.75017484291841      h
  121.83820269166897     86.08080480520682    116.42413732095160      h
  118.46315181833521     89.33869265830168    114.72905297975318      c
  116.97593735175421     87.91383915410589    114.42669679849146      h
  118.82597923584925     89.46908376147078    116.77562638166833      h
  117.69592300838363     91.16227837653632    114.10544335590090      h
  123.04762741671578     90.50843313455789    114.05064129804722      c
  123.52950758060162     90.27221736794718    116.06130990343756      h
  124.76727819764172     90.13237763411364    112.93948233191047      h
  122.52417327790646     92.49453530022069    113.77285155651305      h
  120.27350945363965     90.56701464467734    106.95282994292876      h
  119.52517790501693     93.56412029143397    111.85288980550122      h
  119.51006009595385     95.26676353716392    105.42971067982292      c
  119.39856625411360     93.32601479869038    104.71539420159215      h
  117.99638946351246     96.37225332490203    104.53398049283513      h
  121.32041773125830     96.07934577430477    104.80232160370490      h
  119.21526281922368     97.72718696218105    111.54675417197375      h
  118.31008400157147    100.08178572375655    106.25552099989395      h
  119.86721833506924    102.28898584696698    111.42392197333619      h
  117.51261957349374    104.90814626714649    105.84734015519065      c
  118.71448539400899    104.02942361535466    104.38847158060294      h
  115.71171056885370    103.87446607245805    105.86245796425374      h
  117.15735106051122    106.85456418401870    105.25774560173033      h
  120.91790606495366    106.61834841740800    111.28975141790131      h
  117.69592300838363    109.71749927534046    107.46305599880787      h
  118.23827440852182    114.80464202506860    111.54675417197375      h
  116.77373665553543    113.58009949095870    108.79720264862515      h
  122.01961640042597    116.07831743863353    108.89735813366808      h
  119.12833541711095    117.47482505083602    107.92981835363062      h
  118.78629498705865    113.97694197886469    104.53587021896801      h
  121.94780680737632    113.13223439746480    105.33333464704576      h
  123.10620892683522    117.84521137288159    104.67004077440291      h
  119.92768957132158    118.34598879809629    103.69116263756814      h
  125.77828167873552    109.31687733516868    118.83920731877944      o
  125.18112822074366    110.05576025312698    117.23294010582664      h
  124.21169871457334    109.13735335254455    119.76895257615918      h
  113.00483664656419    109.47484513637053    121.99722204839649      h
  110.56459212081819    111.08196732328426    111.53503379519044      h
  128.37105702125143    110.05432013758542    110.77509722929719      h
  122.02438637934775    116.58230438938504    101.74054637621143      h
$user-defined bonds
$end
