$coord
  454.71346099947499    454.05016712683215    468.11350900776711      c
  454.54338564751532    455.43155692997152    466.56582330493376      h
  454.03504931776905    455.02337608526830    469.81804197962992      h
  457.44978443989345    453.21112872383094    468.49523368661005      c
  458.46267764712013    454.65676921548845    469.58749539141792      h
  457.52915293747463    451.44801424184863    469.56103922555752      h
  459.04849274831469    452.87475747217729    466.17087054316067      c
  460.05949622940852    450.93211900757080    465.53214311024533      o
  459.41698934422737    455.07439869085619    464.86884923760243      o
  460.84940175295475    454.73046853467099    463.75013136693417      h
  452.97680268335313    454.02182123483891    457.72568445529470      c
  453.68544998318526    452.06784441343513    457.81828103580614      h
  453.99158561671271    454.94400758768711    456.16477066953121      h
  453.72513423197580    455.34651925399174    460.12752637019241      c
  452.58184992158004    456.91310221815394    461.32750246457476      o
  456.08351244581712    454.56039318271132    460.80404832576545      o
  456.63531247661973    455.45801309583197    462.33094704113705      h
  468.28736381199258    453.26593078168463    458.50803107430943      c
  470.02213240198159    453.52293353575709    459.63052839724344      h
  467.12896169253366    454.96857402741455    458.85574068276037      h
  466.78314181021562    451.02660531421515    459.53415236446631      c
  466.24079041007741    449.15577644265835    458.16977009652288      o
  466.10661985464253    451.19668066617487    461.83583879432103      o
  461.84717715111833    460.00847362382058    449.43545591032540      c
  460.90420381080838    457.72757418142760    450.95479572116545      c
  460.23713048589974    458.64598108201005    453.63064792533152      c
  458.10551940800480    457.21167894714984    454.93266923088976      c
  458.67810642626910    454.62842332349516    455.82273023947891      n
  458.54960504923287    454.36575139102405    457.72568445529470      h
  458.76692355451473    452.55917320798540    454.40732536594754      c
  458.67621670013625    450.11386759203134    455.38809322891518      c
  458.84062287369727    447.87643185069476    453.97646780764961      c
  458.67054752173755    445.51616391072059    455.22935623375281      c
  459.00124959499254    443.20691857633432    454.04638767456635      c
  459.07305918804224    440.85420954089170    455.29549664840380      c
  459.63808730177499    438.58275872916317    454.10118973242010      c
  459.91020786491055    436.37366887981989    455.65643433978494      c
  460.47334625251045    433.99072422625102    454.80605757998643      c
  460.82294558709430    431.67769943959905    456.23658026258084      c
  461.21222917046873    431.74950903264869    459.13353042429452      c
  462.09662100065924    429.13979724313361    460.09351129980047      c
  460.52436885809840    426.96850191644802    459.05038247444759      c
  460.87018874041644    426.88346424046813    456.19689601379025      c
  460.80026887349970    429.43081506759802    454.92133087409246      c
  460.61507571247694    429.19081984872150    452.08863140089687      c
  461.68466070369016    427.51841222111773    451.46691150317747      h
  458.63842217747850    428.83366160960617    451.53683137009426      h
  461.28592848965127    430.82165350140184    451.00014914835469      h
  462.70322308931554    425.99151350574613    455.71501584990443      h
  459.44722496235352    425.65514225409254    455.29171719613805      h
  461.07616888890101    425.15247510274492    459.89886950811319      h
  458.50992080044227    427.22361494438758    459.51336537700450      h
  464.08272316632201    428.88090476292831    459.50391674634011      h
  462.10040045292499    429.15302532606381    462.17221004597468      h
  458.74613656705299    432.45815633248083    460.53003803649705      c
  457.26648100500353    431.02574392375351    460.23524075976684      h
  459.11463316296567    432.59421661404861    462.57472171227926      h
  457.96567967417121    434.27796259844968    459.91209759104345      h
  463.33817106996509    433.62600708260413    459.83461881959511      c
  463.82572041224961    433.39923994665787    461.84339769885253      h
  465.05404239862526    433.23105432083105    458.72345985345839      h
  462.82983474021887    435.61399897439981    459.54171126899786      h
  460.61129626021113    433.77151599483631    452.76326363033706      h
  459.65320511083809    436.71004013147353    457.66899267130816      h
  460.07461403847162    438.49205187478464    451.28360806828755      c
  460.15398253605275    436.55886204084266    450.54472515032933      h
  458.57984066735901    439.50683480814422    450.25559705199777      h
  461.88686139990892    439.41234850149993    450.82440461799638      h
  458.80093862490668    440.83720200569576    457.34584950258471      h
  459.33195166824754    443.19935967180282    452.01304235558143      h
  458.35496325754565    445.53128171978364    457.26837073113643      h
  459.31872358531734    447.97280788347189    451.18345258324462      c
  461.37474561789691    447.98981541866789    450.84897105772387      h
  458.51747970497382    446.34953313532316    450.17811828054948      h
  458.50425162204363    449.68112030760057    450.34819363250915      h
  458.45322901645574    449.94379224007167    457.43088717856460      h
  458.86329958729186    452.88609582897465    452.37398004696257      h
  457.49135841481689    458.25291804636987    456.62397411982238      h
  456.46523712466001    457.11530291437271    453.64387600826171      h
  461.93977373162971    458.66487834333890    454.83440347197967      h
  459.56249825645961    460.61507571247694    453.49269791763089      h
  459.18266330374956    456.96412482374183    450.04205799898170      h
  462.29693197074511    456.17988847859431    451.07384846753729      h
  463.44399573340667    460.87963737108089    450.46535665274808      h
  460.29004281762053    461.38797370082710    449.42222782739526      h
  464.98979171010717    452.40421566508871    466.33149726445595      o
  465.44332598199969    452.37775949922838    464.50224236782265      h
  463.58194574110735    451.22880601043391    466.28425411113386      h
  453.31743829530626    452.56266715145006    467.82847113369661      h
  450.97655779642406    454.02048862665305    457.23395203472387      h
  468.78211421122001    453.13063710682889    456.51311257447554      h
  462.41532167347594    459.63903974721370    447.49033057516027      h
$user-defined bonds
$end
