$coord
  100.25375080184915    116.47704965267239    115.65879823713291      c
  100.82066864171483    114.51740365286999    115.22794067883498      h
  100.83767617691080    117.61655451080244    114.01851595378817      h
  101.77498033882209    117.33120586473670    117.92457987046279      c
  100.96050837554839    118.28740728797683    119.83698271694307      o
  104.27886746489557    116.88900994964146    117.68836410385209      o
  115.25061739242960    115.19392560844304    112.16847406969312      c
  117.12522571625216    114.47205022568073    112.67870012557225      h
  115.07109340980547    117.09499009812599    113.01696110335878      h
  113.29664057102586    113.56687140802850    113.43270085259363      c
  113.90702211194792    111.83210281803949    114.83487764319477      o
  110.83999659827452    114.07142828550896    113.17758782465405      o
  110.44882328876720    115.57942973955171    112.18737133102198      h
  107.02086008371263    123.34053496731306    106.27630798735568      c
  106.35945593720267    120.85932455483420    107.63124162463470      c
  106.69015801045764    121.24671841207577    110.49984589435510      c
  104.86657229222301    119.76517312389342    112.19304050942064      c
  105.46750520248064    117.07798256293002    112.62956724611722      n
  104.78531406850892    116.63389692170190    115.87422701628186      h
  104.84767503089414    115.46226671931281    110.90424728679264      c
  105.12168532016257    112.77696588448231    111.31431785762882      c
  104.49051679177875    110.88912947772954    109.65702803908810      c
  104.73618118905389    108.28130741434735    110.46394109783027      c
  104.33555924888215    106.24607236922952    108.93326293019291      c
  104.67004077440291    103.66470647170773    109.68348420494851      c
  104.67570995280155    101.63892005725431    108.06020945679974      c
  105.25018669719879     99.15204046637682    109.08066156855799      c
  105.37679834810213     96.95617869996370    107.73517656194342      c
  105.90592166531010     94.37859225470768    108.60067113080504      c
  107.17581762660926     93.92316825668223    111.19337538512414      c
  108.01296630347760     91.13771193680880    111.44659868693081      c
  105.97962098449264     89.27633169591645    110.62834727139133      c
  105.47128465474641     89.66183582702512    107.82399369018903      c
  105.26341478012900     92.40571817197507    107.04920597570593      c
  104.18249143211840     92.66839010444616    104.42437637712776      c
  104.92515380234246     91.14716056747322    103.21306192594807      h
  102.11513104274151     92.39815926744353    104.46972980431701      h
  104.55287775416399     94.47307856135197    103.47762358455206      h
  106.99062446558646     88.76988509230310    106.68826828432476      h
  103.73462633862449     88.67161933339304    107.22117105379851      h
  106.55976690728855     87.31101651771539    111.00818222410135      h
  104.22784485930765     89.59380568624124    111.71682952393346      h
  109.69482256174582     90.85425301687596    110.24473286641553      h
  108.61956839213389     90.79189205449073    113.40813441286610      h
  105.37490862196924     94.52977034533853    113.41380359126477      c
  103.69116263756814     93.30711753736152    113.38167824700571      h
  106.35378675880401     94.21607580727951    115.22605095270210      h
  104.70783529706061     96.49319579740671    113.39868578220168      h
  109.60978488576596     95.52376629123638    111.41447334267176      c
  110.65858288951750     94.97007653430089    113.12845494519904      h
  110.85511440733761     95.17605668278543    109.78363968999145      h
  109.24317801598615     97.56089106248712    111.52029800611335      h
  104.95349969433575     97.10924651672744    105.72450795655308      h
  105.62057301924438     99.14259183571238    111.10833770914428      h
  104.24485239450362    101.99229884410394    105.25963532786322      c
  103.70061126823255    100.23107408825452    104.31099280915461      h
  102.76519683245417    103.39636536083798    104.87980037515320      h
  106.00040797195439    102.67071052580989    104.36579486700830      h
  105.08389079750485    103.31321741099100    111.68092472740862      h
  103.81021538393992    106.59756142994625    106.97172720425760      h
  105.31821683798267    107.96572315015545    112.42547682376558      h
  103.57588934346211    111.39179662907712    107.00574227464955      c
  104.90247708874783    110.58488357033495    105.61868329311149      h
  101.72773718549995    110.49039726369068    106.67881965366033      h
  103.40014481310374    113.41191386513188    106.59945115607913      h
  105.83789152452621    112.24973229340721    113.18136727691983      h
  104.00296744949426    116.10855305675969    109.11656636508280      h
  104.83066749569817    120.64956495408389    114.07331801164186      h
  102.94661054121119    119.95225601104909    111.38612745067847      h
  108.66681154545603    120.86121428096709    111.06676373422080      h
  106.32733059294360    123.25360756520031    110.91747536972284      h
  104.35823596247675    120.40956973520743    107.23817858899447      h
  107.48951216466827    119.22093199762234    106.99251419171935      h
  108.89924785980097    123.98304185249415    106.93393268159990      h
  105.62813192377591    124.74271175791419    106.91692514640393      h
   98.19857796334152    116.56196318505748    115.76759370050129      h
  115.09118418047210    115.28615969800524    110.11692439185964      h
  107.00827724652430    123.30138836272712    104.21691696753240      h
$user-defined bonds
$end
