$coord
  440.76350268651316    456.80349810244650    462.21567374703102      c
  440.30807868848780    458.50425162204363    461.12908122062180      h
  440.37043965087298    457.26837073113643    464.20366563882669      h
  443.56407681544971    456.13831450367076    461.86796413858008      c
  444.69413304291533    457.11152346210690    463.32872243930063      h
  443.97225766015305    454.12764589828043    462.08339291772904      h
  444.71303030424417    456.94333783628008    459.38297427383543      c
  446.53850574861173    455.92855490292050    458.39275778020334      o
  443.52817201892492    458.92566054967716    458.37952969727314      o
  443.99493437374764    459.11463316296567    456.58806932329759      h
  438.97015258640477    456.69767343900497    451.62564849833990      c
  439.34242863458320    454.80227812772063    452.41177456962032      h
  440.09831908773742    456.79027001951636    449.89276963448378      h
  440.15690059785692    458.55905367989732    453.39443215872080      c
  442.46992538450894    458.56850231056171    453.63442737759732      o
  438.63945051314971    460.12185719179371    454.60574660990056      o
  439.65990262490794    461.23868533632913    455.66399324431654      h
  454.36386166489115    456.04382819702653    452.41366429575322      c
  455.94556243811650    456.87719742162909    453.46813147790340      h
  452.70279239408472    457.27592963566792    452.70279239408472      h
  453.69300888771676    453.52860271415574    453.55883833228188      c
  453.89709931006843    453.05995063320006    455.79249462135272      o
  452.64799033623103    451.69556836525663    452.10563893609282      o
  452.58184992158004    451.99792454651839    450.27827376559242      h
  447.83296814963842    462.84306282314901    443.29762543071286      c
  446.89377426159422    460.47523597864335    444.66389742478918      c
  445.41978787794341    461.25002369312648    447.03361399542780      c
  443.31652269204170    459.41132016582878    447.68934896353909      c
  444.20091452223221    457.02648578612707    448.80617710807451      n
  444.46169672857042    457.09829537917670    450.71669022842184      h
  444.14611246437852    454.78149114025888    447.68745923740619      c
  444.53161659548715    452.47035607973976    448.88365587952279      c
  444.38421795712208    450.09686005683540    447.68745923740619      c
  444.72247893490862    447.88021130296056    449.12176137226641      c
  444.88121593007099    445.49726664939175    448.02949966745848      c
  445.28183787024278    443.22581583766316    449.32585179461802      c
  445.77316666479305    440.93357803847289    448.10886816503967      c
  446.19646531855943    438.77362106858459    449.66222304627166      c
  446.63866123365466    436.36044079688969    448.80050792967586      c
  447.01282700796605    434.08332080676246    450.24236896906763      c
  447.49848662411767    434.18536601793829    453.12042186945246      c
  448.36209146684638    431.56998505002457    454.07851301882545      c
  446.71991945736875    429.41758698466782    453.11664241718665      c
  446.94290714104926    429.29286505989734    450.25181759973202      c
  446.86542836960098    431.81942889956542    448.94601684190803      c
  446.52716739181443    431.56809532389167    446.13032490390844      c
  447.48147908892167    429.84466509069995    445.46892075739845      h
  444.50327070349391    431.31487202208496    445.68812898881322      h
  447.21313797805192    433.16113445391426    444.99459949804412      h
  448.74759559795507    428.38390678997933    449.69623811666361      h
  445.47458993579716    428.06643279965454    449.41844837512946      h
  447.28305784496871    427.60156017096466    453.95946027245361      h
  444.73192756557307    429.69915617846777    453.65899381732481      h
  450.32173746664881    431.27329804716152    453.42277805071416      h
  448.43579078602892    431.60966929881516    456.15721176499966      h
  445.08341662628976    434.95259482788987    454.57740071790727      c
  443.57730489837991    433.53718995435850    454.34307467742946      h
  445.51427418458769    435.10377291852075    456.60885631075934      h
  444.30484945954095    436.77618054612452    453.96512945085232      h
  449.68678948599921    436.02217981910314    453.74781094557045      c
  450.24425869520047    435.77084624342933    455.73580283736612      h
  451.35163820907144    435.60266061760251    452.57051156478275      h
  449.20868877437914    438.02339979382901    453.48702873923224      h
  446.62165369845872    436.11666612574737    446.75771398002644      h
  446.10008928578225    439.13455875996578    451.68423000845934      h
  445.94891119515137    440.82019447049976    445.26483033504678      c
  446.23803929348293    438.90212244562088    444.55051385681605      h
  444.23870904488990    441.59498218498288    444.37098987419193      h
  447.55895786036996    441.97670686382577    444.62610290213144      h
  445.29884540543873    443.25794118192226    451.39321218399493      h
  444.74704537463612    445.38199335528572    445.97536736101182      h
  444.96625360605088    448.05595583331888    451.16644504804867      h
  443.88533025804031    449.85119565956023    444.89255428686835      c
  445.62198857416217    449.30884425942207    443.87966107964161      h
  442.46992538450894    448.37909900204232    444.51649878642411      h
  443.18235213660682    451.59541288021370    444.04595697933559      h
  444.94357689245624    452.49681224560015    450.90944229397621      h
  443.71147545381478    454.83251374584682    445.67868035814877      h
  442.02961919554662    460.29004281762053    449.06129013601407      h
  442.19213564297473    458.96156534620195    445.99615434847357      h
  446.68023520857815    461.50135726880029    448.67956545717118      h
  444.52594741708850    463.09817585108863    446.69535301764125      h
  445.58986322990313    459.43210715329047    443.40533982028728      h
  448.43579078602892    459.16187631628782    445.16656457613675      h
  449.38443330473751    463.72745465333958    444.38043850485633      h
  446.25693655481177    464.19988618656095    443.25605145578936      h
  451.28549779442045    453.88009177487243    460.22579212910244      o
  451.82029029002706    453.73836231490606    458.47212627778458      h
  449.51671413403949    454.37708974782140    460.05949622940852      h
  439.33730953486827    455.38260186129986    461.78000285855268      h
  436.97588189592705    456.81639590820396    451.12407941498230      h
  454.80846413997045    455.95623487357807    450.40432654270825      h
  448.41930014223703    462.47942423158548    441.35681015713521      h
$user-defined bonds
$end
