$coord
  100.24241244505183    116.47327020040662    115.66635714166445      c
  100.80744055878463    114.50606529607266    115.26762492762558      h
  100.82822754624638    117.57498053587896    114.00717759699086      h
  101.77309061268920    117.35199285219845    117.91891069206413      c
  100.94728029261817    118.28929701410972    119.83887244307594      o
  104.26941883423113    116.95892981655824    117.64867985506149      o
  115.27140437989135    115.08621121886857    112.16091516516158      c
  117.14034352531526    114.26984952946196    112.59555217572527      h
  115.17880779937997    116.93814282909649    113.09066042254132      h
  113.24372823930506    113.46482619685267    113.33821454594934      c
  112.74484054022325    111.18581648059259    112.31020352965956      o
  112.04753159718844    114.11300226043245    115.18825643004438      o
  114.11867143883111    110.46016164556451    111.18959593285837      h
  107.00763200078244    123.34053496731306    106.27819771348858      c
  106.32733059294360    120.84987592416978    107.60856491104008      c
  106.59189225154759    121.22782115074689    110.48661781142491      c
  104.69460721413041    119.80107792041824    112.14768708223137      c
  105.17081819961760    117.09121064586023    112.59177272345951      n
  104.73996064131967    116.69247843182136    115.81186605389664      h
  104.81554968663509    115.50762014650206    110.77952536202218      c
  105.00641202605654    112.80720150260848    111.21227264645299      c
  104.41870719872911    110.91936509585571    109.54364447111497      c
  104.57555446775861    108.30776358020776    110.37134451731887      c
  104.20894759797881    106.26119017829261    108.85011498034594      c
  104.55098802803110    103.68171400690370    109.62868214709482      c
  104.58311337229016    101.64269950952009    108.02052520800913      c
  105.19349491321221     99.16148909704124    109.04097731976738      c
  105.30120930278670     96.95995815222946    107.70116149155147      c
  105.83789152452621     94.37670252857480    108.55153825135000      c
  107.13613337781867     93.90805044761916    111.12723497047313      c
  107.94115671042793     91.11314549708129    111.38990690294425      c
  105.88702440398126     89.27633169591645    110.57543493967053      c
  105.39947506169675     89.66372555315800    107.76541218006957      c
  105.19916409161087     92.40949762424084    106.99062446558646      c
  104.13335855266337     92.67216955671195    104.36201541474253      c
  104.96105859886728     91.21141125599135    103.12802424996821      h
  102.08111597234956     92.29611405626770    104.37713322380563      h
  104.42626610326064     94.50898335787679    103.45116741869165      h
  106.92259432480259     88.75854673550577    106.64480458326838      h
  103.66092701944196     88.67917823792457    107.15692036528040      h
  106.44071416091674     87.30723706544960    110.96282879691209      h
  104.13713800492914     89.62215157823452    111.66013773994689      h
  109.62112324256329     90.80512013742093    110.18993080856187      h
  108.54397934681846     90.77299479316187    113.35333235501243      h
  105.38813670489944     94.55433678506604    113.37978852087282      c
  103.67604482850504     93.36947849974675    113.37789879473993      h
  106.39536073372749     94.20284772434933    115.17124889484840      h
  104.77208598557871     96.53288004619731    113.38923715153726      h
  109.59466707670288     95.47085395951558    111.28975141790131      c
  110.64346508045440     94.95117927297204    113.01318165109301      h
  110.81920961081278     95.04566557961631    109.66080749135388      h
  109.26018555118212     97.51553763529785    111.32754594055902      h
  104.83633667409683     97.11113624286033    105.69994151682556      h
  105.59600657951685     99.16526854930702    111.06487400808791      h
  104.14847636172645    101.99418857023682    105.21995107907262      c
  103.73840579089027    100.21406655305854    104.24107294223785      h
  102.57622421916560    103.29809960192792    104.84767503089414      h
  105.85300933358931    102.81243998577631    104.34311815341368      h
  104.95916887273439    103.35668111204738    111.63557130021938      h
  103.73273661249162    106.59000252541470    106.87157171921467      h
  105.07255244070753    107.99406904214875    112.35555695684882      h
  103.59856605705674    111.41447334267176    106.86212308855023      c
  104.91192571941227    110.53575069087994    105.50718945127123      h
  101.72017828096841    110.57921439193630    106.52197238463083      h
  103.50219002427957    113.43459057872651    106.43126553025230      h
  105.58844767498532    112.28563708993202    113.12656521906614      h
  104.26941883423113    116.16902429301203    108.88790950300366      h
  104.66437159600424    120.68358002447583    114.02985431058548      h
  102.79165299831458    120.05808067449068    111.32187676216036      h
  108.54019989455269    120.79696359244898    111.10455825687851      h
  106.25741072602683    123.24415893453589    110.88912947772954      h
  104.33933870114791    120.40012110454299    107.16825872207771      h
  107.48006353400385    119.22471144988812    106.98306556105491      h
  108.88413005073788    123.97926240022839    106.94716076453010      h
  105.61301411471283    124.74082203178132    106.91692514640393      h
   98.18711226682905    116.56118323460150    115.77025436389476      h
  115.09753315305838    115.25349641438210    110.11529383734633      h
  107.00483766149418    123.30141421727747    104.21876965804316      h
$user-defined bonds
$end
