$coord
  227.81404422389585    224.32372005645604    235.58459808232161      c
  227.64207914580322    225.61440300521696    233.96132333417285      h
  227.22633939656839    225.38385641700489    237.27023379285561      h
  230.55414711658003    223.47901247505618    235.89073371584908      c
  231.69554170084297    225.06827215281299    236.61260909861139      h
  230.68831767201490    221.99368773460807    237.32314612457640      h
  231.91286020612480    222.62107681072609    233.52857604974201      c
  231.18909509722960    222.77792407975559    231.37428825825239      o
  234.22777471890970    221.58361716377189    234.06525827148153      o
  234.77012611904789    220.75213766530217    232.51379311638243      h
  225.92242836487731    224.48245705161844    225.36873860794182      c
  226.58383251138730    222.58139256193547    225.87707493768804      h
  226.97689554702751    225.04559543921837    223.67176454061050      h
  226.76335649401142    226.25313043813227    227.46066543704623      c
  228.94410045136146    226.12651878722895    228.17876136754276      o
  225.22889887410830    227.95199423159647    228.49434563173466      o
  223.58105768623199    228.20710725953606    227.64018941967038      h
  241.30101963430067    223.54515288970717    226.15108522695650      c
  242.78823410088168    224.50513376521306    227.23767775336572      h
  239.55302296138146    224.67709884330569    226.35517564930811      h
  240.79646275682020    220.99591233644443    227.30570789414961      c
  241.08748058128461    220.49891436349552    229.52991555255602      o
  239.81758461998547    219.20634168860173    225.71077903799412      o
  241.10070866421478    217.77581900600731    225.63896944494448      h
  234.84382543823043    230.32737998063374    217.04638471871343      c
  233.89140346725605    228.06348807343676    218.58462179088235      c
  233.27913220020110    229.00079223534803    221.27181235184574      c
  231.07193207699069    227.71010928658711    222.59273091873280      c
  231.48767182622552    225.10984612773649    223.52814535451120      n
  231.13618276550881    224.90575570538482    225.42732011806126      h
  231.58026840673691    223.05004464289112    222.10329185031543      c
  231.36672935372084    220.58962121787403    223.04437546449248      c
  231.51601771821882    218.34840602427164    221.62519113869536      c
  231.34783209239200    215.98435863203170    222.86296175573545      c
  231.71065950990604    213.67511329764545    221.66865483975172      c
  231.83727116080939    211.31862480993706    222.90264600452605      c
  232.44954242786432    209.04717399820854    221.70455963627654      c
  232.75756778752469    206.84375332726384    223.25224533910989      c
  233.35283151938364    204.46080867369506    222.39430967477983      c
  233.71376921076481    202.14400443477726    223.80026591764675      c
  234.02746374882383    202.17046060063765    226.70855443615773      c
  234.91374530514722    199.55130018045816    227.64963805033477      c
  233.38495686364271    197.38567403217121    226.54036881033090      c
  233.78935825608022    197.34787950951349    223.69255152807224      c
  233.74778428115675    199.90845841957355    222.44533228036772      c
  233.65140824837960    199.69869881882323    219.61074308103926      c
  234.79280283264251    198.06975489227580    218.99847181398431      h
  231.70310060537449    199.26406180825953    219.00792044464876      h
  234.28257677676339    201.36354754189549    218.55249644662331      h
  235.62995150951085    196.45781850092436    223.22956862551527      h
  232.38529173934620    196.13467533220091    222.73446037869923      h
  233.93486716831245    195.55830886167078    227.36617913040192      h
  231.35917044918932    197.61055144198460    226.96933664249596      h
  236.91685500600596    199.31319468771454    227.10917637632949      h
  234.86083297342640    199.53429264526218    229.73022652264189      h
  231.51979717048459    202.83375447328049    228.04837026437366      c
  230.04959023909953    201.41079069521763    227.66664558553074      h
  231.82215335174629    202.90367434019728    230.10817174921900      h
  230.75823753893167    204.67056827444537    227.46255516317910      h
  236.11372139952957    204.05640728125752    227.50223941196970      c
  236.53890977942888    203.79940452718509    229.52424637415734      h
  237.86927697698033    203.69357986374351    226.44399277755375      h
  235.59026726072025    206.04250944692035    227.22444967043552      h
  233.50211988388162    204.25860797747629    220.35151572513044      h
  232.47977804599049    207.15933759145574    225.26669339676599      h
  232.85961299870050    208.97347467902597    218.88508824601115      c
  233.15252054929778    207.05729238027993    218.15943341098307      h
  231.23822797668461    209.79928499909701    217.88164366944889      h
  234.54146925696872    210.09786172809294    218.37864164239784      h
  231.55381224087654    211.28460973954512    224.95110913257409      h
  232.02624377409794    213.68834138057565    219.62964034236811      h
  231.01335056687122    215.98435863203170    224.90197625311907      h
  231.94687527651675    218.42966424798573    218.81894783136016      c
  233.93675689444532    218.00636559421935    218.37486219013203      h
  230.77713480026051    217.03315663578326    217.82117243319655      h
  231.49334100462420    220.28726503661233    218.03849093847842      h
  231.03035810206720    220.41954586591433    225.07394133121164      h
  231.80703554268320    223.39208507294342    220.08128488812778      h
  230.53524985525115    228.79103263459771    224.27836662926680      h
  229.42220116298151    227.69877092978982    221.31338632676923      h
  234.97799599366530    228.92709291616549    222.47745762462679      h
  232.71977326486697    231.00390193620680    221.13953152254376      h
  232.14529652046974    227.32838460774423    217.70022996069187      h
  235.25767546133238    226.48745647861011    218.67154919299509      h
  236.44064402051879    231.20232318015979    218.07250600887033      h
  233.29425000926420    231.70876978377314    217.03315663578326      h
  239.50389008192641    221.74802333733291    234.20131855304930      o
  239.66451680322172    221.84250964397722    232.37017393028313      h
  237.82959272818974    222.37352268731806    234.61705830228414      h
  226.35427712157232    222.88233131693158    235.39950171413130      h
  223.93193412617586    224.38010416789632    224.84889369851098      h
  241.77480332170106    223.43855156004210    224.14934914768978      h
  235.40679252787336    229.95767025012196    215.09980697094304      h
$user-defined bonds
$end
