$coord
  112.35744668298169    111.21794182485165    111.49573156638583      c
  112.93192342737893    109.23750883758748    111.17069867152951      h
  112.97916658070108    112.32343161258974    109.84411092624379      h
  113.75206456905130    112.19870968781929    113.79741799624055      c
  112.89412890472121    113.30986865395606    115.57942973955171      o
  116.28051813485229    111.68092472740862    113.71804949865935      o
  116.70759624088444    111.03841784222752    112.04942132332133      h
  127.24281943172191    109.78174996385856    107.96194369788968      c
  128.78672568228947    108.47216975376881    108.42303687431378      h
  127.60942630150173    111.59966650369455    108.88979922913653      h
  124.72570422271822    108.75373894756876    108.87279169394057      c
  123.14589317562582    110.03497326566524    109.98017120781155      o
  124.19091172711158    106.33677922360803    108.38335262552319      o
  125.68001591982548    105.39002643103233    107.63880052916625      h
  119.13967377390826    118.14378810187753    102.04710090195762      c
  118.50472579325869    115.69659275979062    103.46439550162185      c
  119.04329774113110    116.15012703168317    106.28197716575434      c
  117.48049422923467    114.52874200966730    108.07343753972994      c
  118.19103125519966    111.83210281803949    108.08288617039436      n
  119.86721833506924    111.35400210641941    108.94082183472445      h
  117.06286475386695    110.07276778832295    106.71283472405227      c
  117.64490040279573    107.49140189080116    106.86779226694890      c
  116.55830787638648    105.59978603178263    105.38435725263368      c
  117.05152639706964    103.04109684785547    106.05898948207384      c
  116.47893937880528    100.97751591074436    104.57933392002438      c
  116.99105516081728     98.44906234494336    105.29554012438804      c
  116.93814282909649     96.40248894302822    103.66659619784062      c
  117.55797300068299     93.94773469640977    104.68515858346598      c
  117.57875998814472     91.71596813347180    103.36990919497757      c
  118.10977303148559     89.16861730634196    104.26563938196536      c
  119.37399981438608     88.72264193898096    106.86401281468312      c
  120.16201561179940     85.92395753617731    107.15314091301464      c
  118.09654494855539     84.08903346114535    106.35000730653823      c
  117.59387779720781     84.45753005705805    103.54187427307016      c
  117.42569217138099     87.18440486681205    102.72362285753069      c
  116.35043800176905     87.42628981182141    100.10068298508540      c
  117.08743119359445     85.88616301351959     98.91582469976612      h
  114.28496733852504     87.14661034415433    100.15926449520487      h
  116.71704487154888     89.21586045966410     99.12936375278218      h
  119.10187925125055     83.54290260874141    102.41370777173744      h
  115.84966057655436     83.48432109862195    102.93716191054676      h
  118.65023470549089     82.12182855681139    106.73740116377978      h
  116.35421745403484     84.43296361733054    107.44226901134614      h
  121.84576159620049     85.59325546292231    105.96828262769533      h
  120.74972043912683     85.59514518905522    109.12223554348147      h
  117.59198807107492     89.38971526388958    109.08066156855799      c
  115.92713934800267     88.14249601618506    109.12412526961435      h
  118.59921209990297     89.14972004501311    110.88912947772954      h
  116.89089967577435     91.34180235916045    109.00885197550834      h
  121.84198214393473     90.27032764181429    107.06621351090189      c
  122.87377261249030     89.71285843261302    108.78775401796071      h
  123.08353221324059     89.87348515390831    105.44293876275313      h
  121.53206705814148     92.32068049599522    107.14936146074886      h
  117.04207776640520     91.83691060597648    101.38569675544765      h
  118.02851480777150     93.95907305320706    106.69015801045764      h
  116.34854827563618     96.78232389573823    100.90759604382758      c
  116.16902429301203     95.00409160469283     99.86257749234181      h
  114.58543379365386     97.85568833921727    100.66004192041956      h
  117.87733671714065     97.89159313574208    100.03076311816864      h
  117.58820861880915     98.12024999782126    107.24951694579180      h
  115.65312905873425    101.30254880560068    102.71417422686625      h
  118.01717645097419    102.71795367913202    107.86178821284675      h
  114.98227628155985    106.17993195457852    103.09022972731049      c
  116.09532497382949    105.78497919280542    101.37057894638457      h
  113.28152276196276    104.98940449086057    103.01275095586219      h
  114.40590981102972    108.16603412024133    102.98251533773602      h
  119.01873130140358    106.92448405093546    108.30776358020776      h
  115.51895850329937    110.74740001776311    105.51663808193567      h
  117.65812848572592    115.17880779937997    110.03875271793100      h
  115.46982562384434    114.64968448217198    107.54809367478772      h
  121.07664306011604    115.89690372987650    106.68637855819188      h
  118.57275593404258    118.12300111441580    106.74873952057709      h
  116.47515992653952    115.27518383215713    103.20550302141652      h
  119.57242105833907    114.02985431058548    102.79732217671322      h
  121.02373072839526    118.79763334385596    102.68015915647430      h
  117.75072506623732    119.55541352314310    102.67260025194277      h
  110.30093771148741    111.31075654310091    111.56600556734598      h
  127.15896882061132    109.98744599423918    105.91415455467373      h
  119.11301700710248    118.06662377691343     99.98891790700614      h
$user-defined bonds
$end
