$coord
  341.13336150851632    337.71673666025907    349.15524894261586      c
  340.98029369175259    339.11324427246154    347.62835022724425      h
  340.46439845747477    338.65593054830327    350.88434835420622      h
  343.87913357959917    336.86258044819476    349.51051745559840      c
  344.85612199030106    338.00397503245773    350.93915041205992      h
  343.93771508971861    334.93128034038563    350.23428256449358      h
  345.57988709919624    336.98541264683229    347.22205910867382      c
  347.87779407678516    337.14414964199472    347.28819952332486      o
  344.28164524590380    336.95328730257324    345.06399186491842      o
  345.33800215418688    337.51264623790746    343.66748425271595      h
  339.32300387321192    337.78665652717586    338.72585041522001      c
  339.90692924827357    335.87425368069557    339.29087852895282      h
  340.38880941215939    338.23641134680264    337.00242018202829      h
  340.30755118844530    339.58189635341722    340.71762175928149      c
  342.52797939458594    339.37969565719845    341.32422384793779      o
  338.92616138530587    341.37902590579148    341.76075058463437      o
  337.20651060437996    341.63791838599678    341.04454438027074      h
  354.69781569036951    336.93061058897865    339.53654292622798      c
  356.15668426495716    337.94917297460404    340.60234846517545      h
  352.91013476865965    337.99263667566038    339.73685389631385      h
  354.28207594113462    334.36814195278572    340.70439367635129      c
  354.72994103462855    333.83901863557776    342.88891708596708      o
  353.19926286699115    332.60313774467051    339.13781071218909      o
  354.42569512723395    331.13293081328550    339.09056755886695      h
  348.23495231590056    343.72984521510119    330.41294515665606      c
  347.28819952332486    341.45839440337267    331.93039524136327      c
  346.57388304509408    342.40325746981551    334.58168100580178      c
  344.36101374348499    341.03698547573913    335.79488518311439      c
  344.85801171643396    338.44239149528715    336.69439482236794      n
  344.52730964317897    338.23263189453689    338.58790040751938      h
  344.98840281960304    336.36180302298010    335.29977693629831      c
  344.85423226416816    333.92405631155759    336.30322151286060      c
  344.98084391507149    331.65260549982901    334.92939061425272      c
  344.85801171643396    329.31690399958239    336.21629411074787      c
  345.17737543289161    326.98876140386727    335.04277418222591      c
  345.30398708379494    324.64739072522195    336.28999342993041      c
  345.88035355432510    322.36649128282897    335.08812760941515      c
  346.16948165265654    320.16496033801724    336.63203385998276      c
  346.74962757545245    317.77823623218268    335.77220846951974      c
  347.10111663616919    315.46710117166350    337.18194416465246      c
  347.40347281743090    315.49922651592260    340.09023268316344      c
  348.28597492148850    312.88195582187592    341.04076492800493      c
  346.76096593224975    310.71443994745613    339.92582650960242      c
  347.17859540761748    310.67286597253263    337.07989895347663      c
  347.13702143269404    313.22966543032692    335.82890025350633      c
  347.04631457831550    313.01801610344370    332.99431105417784      c
  348.18392971031267    311.38529272463052    332.38770896552154      h
  345.09800693531037    312.59093799741157    332.38581923938864      h
  347.68504201123085    314.68097510038308    331.93606441976186      h
  349.02485783944678    309.78847414234212    336.62825440771695      h
  345.78397752154785    309.45399261682138    336.11802835183784      h
  347.31276596305236    308.88896450308857    340.75541628193918      h
  344.73517951779633    310.93931735726949    340.34723543723590      h
  350.29286407461302    312.64574005526521    340.50786215853117      h
  348.22361395910326    312.86683801281288    343.11946367417914      h
  344.89202678682585    316.16818956696409    341.41871015458202      c
  343.42937875997239    314.73766688436962    341.04643410640358      h
  345.18682406355600    316.25889642134257    343.47851163942738      h
  344.12479797687433    317.99744446359739    340.81399779205867      h
  349.49350992040240    317.38139374427664    340.88958683737405      c
  349.92247775256743    317.11494235953978    342.90970407342883      h
  351.24717577172032    317.02234577902840    339.82567102455948      h
  348.97005578159309    319.37127536220521    340.62124572650430      h
  346.89324676155178    317.57603553596391    333.72941451987037      h
  345.89925081565394    320.48432405447488    338.64648191763882      h
  346.26774741156657    322.29279196364649    332.26487676688402      c
  346.55120633149949    320.37660966490040    331.53733220572303      h
  344.63880348501920    323.12238173598325    331.27277054711902      h
  347.94771394370196    323.41339956044766    331.75087125873910      h
  345.05076378198822    324.62093455936161    338.34412573637712      h
  345.44949599602711    326.98120249933572    332.99809050644365      h
  344.58967060556415    329.35280879610724    338.26475723879594      h
  345.33044324965533    331.69040002248676    332.10991922398739      c
  347.32410431984965    331.33513150950427    331.62992878623447      h
  344.18904866539242    330.23909035243059    331.16505615754454      h
  344.78809184951717    333.51587546685431    331.31245479590967      h
  344.59722951009570    333.78421657772407    338.34979491477577      h
  345.18304461129026    336.66793865650754    333.27021106957915      h
  343.73929384576564    342.06877594429471    337.48430034591416      h
  342.76041570893085    340.98974232241699    334.45884880716420      h
  348.22739341136901    342.36546294715777    335.85157696710093      h
  345.97483986096933    344.39313908774409    334.42672346290516      h
  345.58555627759489    340.68360668888954    330.99876025785062      h
  348.68092768326159    339.91070870053932    332.07023497519674      h
  349.82610171979030    344.60667814076015    331.44662535134455      h
  346.67970770853572    345.10556583984197    330.39215816919437      h
  352.59832995673349    334.98419267210642    347.51118720700538      o
  352.71549297697243    334.86891937800044    345.68571176263782      h
  350.94670931659147    335.74386257752650    347.81165366213418      h
  339.71077276142682    336.26115652293100    348.83853159632508      h
  337.32527337236900    337.74097876185732    338.22608192408785      h
  355.16255627390154    336.82265385286070    337.53276058023425      h
  348.79527282541011    343.34409692463481    328.46871745908658      h
$user-defined bonds
$end
