$coord
  454.97802265807906    453.84229725221473    468.11539873390001      c
  454.53204729071797    455.55816858087491    467.03258565975653      h
  454.78149114025888    454.31850823770191    470.12984679155613      h
  457.74647144275650    453.10341433425646    467.47856102711751      c
  458.98046260753080    453.74025204103896    469.03947481288111      h
  458.10173995573899    451.07951764593594    467.27825005703164      h
  458.82928451689992    454.37708974782140    465.09372664741585      c
  460.60751680794533    453.24892324648863    463.89941973143215      o
  457.87497281979267    456.45389876786265    464.46444784516490      o
  456.90554331362233    456.16855012179695    461.91898674416802      h
  452.95979514815713    454.05205685296505    457.68977965876991      c
  453.60986093786977    452.10374920995991    458.02993036268930      h
  454.00481369964291    454.72101990400654    456.02493093569768      h
  453.76670820689930    455.63942680458899    459.91587704330919      c
  452.45712799680956    457.00002962026667    461.21411889660163      o
  456.26114670230839    455.35029870625749    460.24846884269709      o
  468.26279737226508    453.25081297262153    458.55905367989732      c
  469.25868304429582    451.68989918685799    459.50769619860591      h
  468.92609124490798    455.03093498979979    459.39431263063278      h
  465.45277461266409    452.80294787912766    459.07683864030798      c
  464.31515948066698    450.91133202010911    458.41921394606379      o
  464.40397660891261    454.64543085869110    460.47901543090916      o
  462.71834089837864    454.15032261187508    461.21978807500028      h
  461.85851550791563    459.99524554089044    449.44301481485695      c
  460.93254970280168    457.68977965876991    450.93589845983661      c
  460.22201267683664    458.57039203669461    453.60986093786977      c
  458.08662214667589    457.09829537917670    454.84952128104277      c
  458.73668793638853    454.54149592138242    455.74525146803057      n
  458.66109889107310    454.35630276035965    457.67466184970681      h
  458.70645231826239    452.47224580587260    454.36953084328985      c
  458.91054274061406    450.01938128538706    455.38242405051653      c
  458.67432697400335    447.78761472244912    454.00859315190871      c
  458.84440232596302    445.42734678247501    455.29927610066954      c
  458.85385095662747    443.11999117422158    454.09363082788849      c
  459.07872836644083    440.75783350811457    455.33140144492859      c
  459.54738044739645    438.48071351798734    454.12575617214759      c
  459.87052361611995    436.27351339477696    455.68666995791114      c
  460.45822844344735    433.89623791960679    454.85141100717567      c
  460.84184284842314    431.59644121588491    456.30461040336473      c
  461.24624424086068    431.71171450999094    459.19778111281266      c
  462.19110730730347    429.13601779086781    460.18610788031185      c
  460.65853941353328    426.91936903699298    459.18455302988247      c
  460.96467504706072    426.80220601675410    456.32539739082648      c
  460.83239421775875    429.33632876095373    455.01959663300249      c
  460.59428872501513    429.06420819781817    452.19067661207265      c
  461.65442508556396    427.38991084408150    451.55761835755601      h
  458.60440710708656    428.70893968483568    451.67856083006069      h
  461.23868533632913    430.68937267209986    451.07951764593594      h
  462.80148884822557    425.92726281722798    455.82650969174466      h
  459.54360099513076    425.53986895998645    455.46368227423062      h
  461.26325177605668    425.12790866301737    460.05193732487697      h
  458.64598108201005    427.13290809000904    459.67210237216693      h
  464.18098892523204    428.91114038105445    459.59084414845290      h
  462.20055593796798    429.17759176579131    462.26669635261896      h
  458.77259273291338    432.39012619169694    460.59995790341378      c
  457.31750361059147    430.92936789097632    460.32405788801248      h
  459.14864823335762    432.54508373459356    462.64275185306315      h
  457.95434131737392    434.18914547020404    459.97067910116289      h
  463.33439161769934    433.64112489166723    459.87808252065150      c
  463.84461767357845    433.42191666025246    461.88497167377608      h
  465.05026294635945    433.28774610481759    458.74991601931873      h
  462.77125323009943    435.61777842666561    459.59651332685149      h
  460.60940653407823    433.66947078366047    452.80861705752631      h
  459.62296949271195    436.61744355096209    457.69922828943436      h
  459.86485443772125    438.35599159321686    451.29494642508490      c
  459.83272909346221    436.41524285474333    450.57874022072127      h
  458.37763997114024    439.42179713216444    450.31228883598436      h
  461.69221960822171    439.19502999621812    450.75826420334539      h
  458.99935986885964    440.75216432971587    457.39876183430550      h
  458.75369547158454    443.09731446062699    452.03193961691034      h
  459.03904411765029    445.47458993579716    457.35529813324911      h
  458.23591051117387    447.76682773498743    451.20046011844056      c
  459.87430306838570    446.96180440237811    450.20646417254278      h
  456.58995904943043    446.59519753259832    450.71669022842184      h
  457.89575980725442    449.65844359400597    450.45212856981789      h
  459.27525988426100    449.88521072995218    457.40821046496995      h
  458.46267764712013    452.76515335646991    452.34185470270353      h
  457.41576936950150    458.10362968187189    456.53137753931105      h
  456.48224465985601    456.94711728854588    453.52671298802284      h
  461.90197920897202    458.57795094122616    454.84385210264418      h
  459.54360099513076    460.53759694102854    453.49458764376379      h
  459.23557563547035    456.90743303975523    450.00048402405821      h
  462.34417512406725    456.15532203886676    451.04928202780974      h
  463.44777518567247    460.86262983588489    450.48425391407693      h
  460.29949144828498    461.37096616563110    449.45246344552140      h
  465.35828830601986    452.02438071237873    464.83861361947629      o
  465.51513557504938    453.41143969391680    463.64241697735969      h
  463.48556970833016    451.99036564198678    464.98034307944272      h
  453.42200930469647    452.52235968840660    467.83367292976703      h
  450.95455555508494    454.02920894875444    457.21938163090442      h
  468.76547202322104    453.12839997472037    456.56528453323006      h
  462.41792141959274    459.63582724263790    447.49348521266239      h
$user-defined bonds
$end
