$coord
  109.06932321176068    115.17124889484840    115.29786054575175      c
  108.72728278170837    116.51295444919722    113.74450566451976      h
  108.46272112310439    116.15012703168317    117.02695995734211      h
  111.86233843616566    114.51362420060421    115.50006124197051      c
  112.88468027405678    116.26917977805498    115.97249277519192      h
  112.18359187875622    113.20782344278022    117.07231338453137      h
  113.34010427208221    113.47238510138422    113.25884604836814      c
  115.19581533457594    112.17036379582601    113.59899675228755      o
  112.68814875623667    114.08465636843917    110.89101920386243      o
  111.19904456352279    115.17691807324707    110.70960549510541      h
  107.27030393325354    115.46037699317991    105.23317916200281      c
  108.08099644426149    113.64246045334393    105.81899426319737      h
  108.37957317325741    116.20870854180262    103.63825030584734      h
  107.52163750892734    117.34065449540114    107.40636421482131      c
  108.99940334484390    117.00995242214614    109.13546362641168      o
  106.19693948977449    119.48360393009345    107.38935667962534      o
  104.87224147062166    119.64234092525584    106.08355592180136      h
  122.63188766748094    114.34732830091026    105.81143535866583      c
  124.34020009160956    114.67803037416526    106.94716076453010      h
  121.41112458563681    116.01595647624829    106.13268880125638      h
  121.15412183156435    112.08910557211192    106.85456418401870      c
  120.27539917977253    110.40346986157795    105.39758533556387      o
  120.81964030604361    112.06264940625154    109.21483212399286      o
  116.23138525539726    121.12010676117241     96.74641909921338      c
  115.32998589001080    118.85243540170964     98.30355343271117      c
  114.77062695467666    119.78407038522226    100.99074399367454      c
  113.18325700305272    117.97371274991782    102.57055504076695      c
  114.36811528837201    115.52651740783091    103.09778863184204      n
  115.77785098350471    115.47549480224301    104.40925856806467      h
  113.71238032026069    113.38167824700571    101.97907076117374      c
  114.59677215045119    110.98172605824094    102.60645983729177      c
  113.76151319971574    108.77452593503051    101.40459401677650      c
  114.28874679079081    106.41425799505633    102.55354750557098      c
  113.86166868475867    104.10879211293586    101.41971182583958      c
  114.22638582840558    101.76931116042343    102.65181326448102      c
  114.37567419290356     99.45439664763852    101.44238853943421      c
  114.75928859787935     97.25286570282674    102.98629479000178      c
  115.10699820633030     94.84346488339754    102.11702076887438      c
  115.46793589771146     92.52855037061263    103.54565372533592      c
  115.99516948878654     92.61925722499114    106.41992717345499      c
  116.83042843952201     89.99253790028010    107.37045941829648      c
  115.15613108578533     87.85525764398643    106.42181689958790      c
  115.35455232973833     87.73242544534888    103.55510235600036      c
  115.27707355829001     90.27410709408007    102.26252968110659      c
  114.88778997491556     90.01899406614051     99.44872746923986      c
  115.86855783788322     88.31635082041053     98.76653633526814      h
  112.86578301272793     89.71852761101168     99.03676717227080      h
  115.52651740783091     91.62526127909329     98.30355343271117      h
  117.14034352531526     86.79134183117182    102.99196396840044      h
  113.85599950636001     86.52866989870073    102.74252011885953      h
  115.70982084272083     86.03545137801757    107.26274502872201      h
  113.17380837238829     88.16328300364681    106.98306556105491      h
  118.78062580865999     89.66750500542378    106.69771691498920      h
  116.91924556776763     90.03033242293782    109.44915816447069      h
  113.60466593068621     93.42428055760044    107.89580328323868      c
  112.07020831078307     92.03722157606236    107.66525669502663      h
  114.04686184578145     93.56978946983263    109.92536914995787      h
  112.85822410819640     95.26109435876528    107.27975256391797      h
  118.21370796879430     94.42394568189694    107.04164707117437      c
  118.77495663026134     94.15371484489428    109.02774923683718      h
  119.86721833506924     93.98741894520035    105.85489905972219      h
  117.75639424463597     96.43083483502150    106.80165185229791      h
  115.05786532687529     94.60913884291972    100.07044736695923      h
  114.76117832401222     97.62703147713810    105.01019147832231      h
  114.31898240891698     99.30510828314054     98.59835070944132      c
  114.10733308203380     97.36813899693277     97.89726231414075      h
  112.77696588448231    100.44839259353637     97.80277600749648      h
  116.10288387836104    100.06855764082636     97.85001916081860      h
  114.52496255740152    101.81844403987846    104.70027639252906      h
  113.26451522676679    104.07288731641103     99.44305829084119      h
  115.12022628926050    106.44260388704963    104.44138391232373      h
  112.32154188645687    108.80665127928957     98.95172949629094      c
  113.49506181497884    107.94682588882660     97.45884585131128      h
  110.57165548740475    107.69360258701992     99.06700279039696      h
  111.84911035323546    110.72094385190273     98.32811987243868      h
  115.98572085812214    110.79464317108527    104.13335855266337      h
  112.26107065020452    113.61411456135065    100.52776109111757      h
  112.68058985170514    118.82786896198213    104.40358938966601      h
  111.41069389040599    117.57309080974606    101.55010292900870      h
  116.56208732865225    120.21303821738731    101.96773240437643      h
  113.70671114186204    121.57364103306497    100.88302960410006      h
  113.58009949095870    118.07008878269498     97.46262530357706      h
  116.72649350221330    117.30663942500919     98.38859110869102      h
  117.84143192061583    122.00071913909713     97.74419449737701      h
  114.67614064803237    122.50149656431184     96.74074992081474      h
  120.10532382781284    113.43081112646074    113.84844060182847      o
  120.11855191074302    113.20404399051446    111.99650899160054      h
  118.36488605942516    113.02452000789033    114.25662144653177      h
  107.68052058895078    113.66340604722625    115.09681483273546      h
  105.32597579289995    115.21219312816550    104.60011122824946      h
  123.13792649654050    114.21618211222729    103.81907305786582      h
  116.78165025730821    120.73324532581877     94.79954241732541      h
$user-defined bonds
$end
