$coord
  227.77813942737100    224.34450704391782    235.57136999939141      c
  227.49468050743818    225.70699958572834    234.02557402269093      h
  227.24712638403014    225.31582627622100    237.32503585070930      h
  230.54091903364983    223.55271179423872    235.73388644681958      c
  231.69176224857716    225.17031736398883    236.38017278426648      h
  230.78469370479209    222.09573294578388    237.18141666460997      h
  231.84483006534091    222.67965832084556    233.35283151938364      c
  231.13240331324303    222.87430011253275    231.17019783590072      o
  234.09927334187347    221.58739661603764    233.87061647979434      o
  234.70587543052977    220.79938081862431    232.31537187242947      h
  225.89408247288401    224.52970020494058    225.53503450763574      c
  226.51769209673628    222.69099667764286    226.27580715172692      h
  227.04492568781140    224.99268310749758    223.87585496296217      h
  226.22667427227191    226.70666471002485    227.39830447466099      c
  225.14953037652708    228.70788468475075    227.24334693176436      o
  228.02569355077901    226.40808798102893    229.19354430090237      o
  228.59450111677759    224.67142966490701    229.42220116298151      h
  241.31046826496510    223.55649124650449    226.15108522695650      c
  242.85059506326689    224.44277280282785    227.22822912270129      h
  239.62483255443112    224.77536460221572    226.37029345837121      h
  240.66229220138533    221.04504521589945    227.31515652481403      c
  240.75677850802961    220.61229793146865    229.57148952747949      o
  239.75522365760023    219.22901840219635    225.71077903799412      o
  241.09692921194903    217.84762859905695    225.58038793482501      h
  234.82870762916735    230.35383614649413    217.03504636191613      c
  233.85360894459836    228.10695177449313    218.58840124314813      c
  233.14496164476623    229.10283744652386    221.22834865078937      c
  230.97933549647928    227.73467572631463    222.54170831314488      c
  231.53302525341479    225.15142010265996    223.47712274892328      n
  231.56704032380674    224.93977077577676    225.38763586927067      h
  231.51601771821882    223.06138299968845    222.07116650605636      c
  231.46310538649800    220.61418765760155    223.03681655996093      c
  231.53869443181344    218.35218547653741    221.62330141256248      c
  231.45554648196645    216.00325589336057    222.87807956479853      c
  231.76735129389260    213.68078247604413    221.67432401815040      c
  231.91097047999190    211.33752207126591    222.90642545679182      c
  232.48733695052204    209.05095345047428    221.70078018401080      c
  232.78024450111931    206.85320195792829    223.24279670844547      c
  233.36039042391522    204.46080867369506    222.37730213958386      c
  233.70998975849906    202.15156333930881    223.78703783471653      c
  233.99344867843189    202.17424005290343    226.69721607936040      c
  234.87595078248947    199.55507963272390    227.64396887193612      c
  233.35661097164942    197.38945348443696    226.51958182286918      c
  233.78179935154870    197.35543841404504    223.67365426674340      c
  233.74967400728963    199.91412759797223    222.43021447130462      c
  233.67030550970847    199.70625772335478    219.59562527197616      c
  234.81736927237003    198.08109324907312    218.98524373105411      h
  231.72766704510201    199.26595153439243    218.98524373105411      h
  234.29769458582649    201.37299617255991    218.53737863756021      h
  235.62995150951085    196.47482603612033    223.22200972098372      h
  232.39474037001062    196.13467533220091    222.70044530830728      h
  233.90841100245203    195.56586776620233    227.34539214294020      h
  231.32893483106312    197.60488226358595    226.93343184597111      h
  236.88661938787982    199.32831249677767    227.12051473312681      h
  234.80603091557273    199.53618237139509    229.72455734424321      h
  231.46688483876378    202.82997502101475    228.00679628945019      c
  230.00423681191029    201.40890096908475    227.60428462314553      h
  231.74089512803221    202.89233598339996    230.07226695269418      h
  230.71288411174240    204.67056827444537    227.42098118825564      h
  236.06836797234033    204.06207645965620    227.51924694716567      c
  236.47843854317651    203.79373534878644    229.54314363548619      h
  237.83337218045551    203.70869767280658    226.47422839567992      h
  235.54680355966389    206.05006835145190    227.25090583629591      h
  233.50967878841317    204.26049770360919    220.33450818993447      h
  232.49489585505358    207.16689649598729    225.25535503996869      h
  232.87473080776360    208.98670276195617    218.87941906761250      c
  233.19787397648705    207.07996909387455    218.14431560192000      h
  231.22688961988732    209.78227746390104    217.89298202624622      h
  234.52635144790563    210.14510488141505    218.36352383333474      h
  231.66908553498254    211.30728645313974    224.96055776323851      h
  232.00734651276906    213.68645165444278    219.62586089010236      h
  231.22499989375441    216.00514561949348    224.93032214511234      h
  231.80514581655032    218.42210534345421    218.79438139163267      c
  233.77424044701715    218.02148340328245    218.24636081309583      h
  230.59761081763639    217.00670046992283    217.87408476491734      h
  231.29303003453830    220.27025750141635    218.02904230781400      h
  231.30247866520276    220.44600203177473    225.08905914027474      h
  231.49712045688995    223.40342342974074    220.03782118707142      h
  230.37084368169010    228.80804016979368    224.21222621461578      h
  229.34283266540032    227.62885106287305    221.25480481664977      h
  234.82492817690158    229.14630114758020    222.46611926782947      h
  232.50056503345223    231.07382180312356    221.02614795457060      h
  232.14529652046974    227.33405378614287    217.66243543803415      h
  235.23688847387064    226.55170716712823    218.74713823831053      h
  236.41796730692417    231.23444852441887    218.06683683047169      h
  233.27724247406823    231.73711567576643    216.99347238699264      h
  239.40373459688348    221.84817882237587    234.25990006316877      o
  239.55491268751433    221.93510622448861    232.42686571426970      h
  237.75589340900720    222.52281105181603    234.68508844306803      h
  226.33758561117736    222.88286552318701    235.39476047389283      h
  223.93877349074140    224.39471305032924    224.90153043549932      h
  241.77791661305707    223.44193348232420    224.14829948766655      h
  235.40321806016780    229.96429004937676    215.09572334605119      h
$user-defined bonds
$end
