$coord
  100.57689397057258    116.71326541928310    121.93079927218035      c
  100.29154532450687    118.14000864961176    120.44169507946647      h
   99.95328434672032    117.58442916654337    123.71092128935864      h
  103.38502700404067    115.92902907413556    122.09709517187430      c
  104.27130856036402    116.58665376837976    123.85454047545794      h
  103.61368386611981    113.88434539835329    121.99693968683137      h
  104.79098324690759    117.00995242214614    119.87855669186655      c
  106.34244840200670    118.72015457240765    120.00138889050412      o
  104.08989485160700    115.87044756401610    117.74883534010443      o
  103.96706265296945    117.02695995734211    116.24839279059323      h
   98.84023565445069    116.70003733635291    111.39746580747578      c
   99.45439664763852    114.71204544455721    111.57132061170125      h
   99.82478296968411    117.43514080204541    109.73072735827064      h
   99.89848228886665    118.03040453390440    113.69159333279894      c
   98.75519797847083    119.05463609792841    115.38856740013026      o
  102.45906119892669    117.90946206139972    113.73316730772244      o
  114.20370911481096    116.03863318984293    112.24406311500854      c
  115.79485851870068    116.89089967577435    113.27018440516545      h
  112.58421381892796    117.34254422153401    112.45193298962597      h
  113.45537756618825    113.65379881014124    113.56498168189562      c
  113.56120222962984    113.42703167419496    115.83832221975705      o
  112.48972751228369    111.69226308420593    112.22705557981257      o
  112.28941654219781    111.93414802921531    110.39780068317928      h
  107.70116149155147    122.70558698666349    103.16392904649304      c
  106.76763678190596    120.38500329547990    104.61523871654921      c
  105.72639768268597    121.24104923367710    107.18526625727368      c
  103.49841057201380    119.68013544791356    108.14335740664670      c
  104.14280718332780    117.23294010582664    109.29231089544118      n
  103.29620987579503    117.40301545778637    111.95682474280993      h
  104.17304280145396    115.20904341750612    107.92036972296620      c
  104.42437637712776    112.71460492209708    108.97105745285062      c
  104.22217568090900    110.46583082396317    107.67470532569106      c
  104.41303802033045    108.09611425332456    109.00696224937543      c
  104.47917843498143    105.79820727573562    107.82588341632191      c
  104.77019625944584    103.41904207443260    109.06743348562779      c
  105.31254765958401    101.17026797629867    107.87123684351117      c
  105.71694905202153     98.95361922242382    109.42837117700894      c
  106.33488949747515     96.59902046084832    108.57421496494463      c
  106.72795253311536     94.27465731739896    110.01040682593772      c
  107.12101556875557     94.37481280244191    112.90357753538565      c
  108.05643000453396     91.79344690492013    113.88623512448618      c
  106.52197238463083     89.58435705557680    112.86956246499371      c
  106.84511555335426     89.47853239213521    110.01229655207061      c
  106.71850390245093     92.02399349313218    108.72161360330972      c
  106.47661895744157     91.76510101292683    105.89080385624702      c
  107.53297586572465     90.09080365919016    105.24640724493302      h
  104.48673733951298     91.41361195221010    105.36923944357058      h
  107.12668474715423     93.39782439174003    104.78720379464181      h
  108.68570880678489     88.59792001421050    109.52663693591900      h
  105.42782095369003     88.21997478763336    109.14113280481033      h
  107.11723611648979     87.78722750320256    113.73316730772244      h
  104.50563460084184     89.79789610859288    113.34577345048088      h
  110.04631162246255     91.56667976897384    113.29286111876009      h
  108.06020945679974     91.82557224917917    115.96682359679326      h
  104.63980515627672     95.04755530574920    114.29630569532236      c
  103.18093658168901     93.59624563569304    113.98450088339622      h
  104.99696339539210     95.16849777825388    116.34665854950327      h
  103.83667154980033     96.85980266718653    113.68592415440030      h
  109.21105267172710     96.29288482732085    113.60466593068621      c
  109.69293283561292     96.07934577430477    115.62100371447519      h
  110.93826235718458     95.92249850527524    112.50106586908100      h
  108.66870127158892     98.26953836231922    113.29475084489297      h
  106.48606758810600     96.38737113396512    106.53142101529525      h
  105.48451273767661     99.28621102181170    111.44659868693081      h
  105.65080863737055    101.02475906406649    105.04042709644848      c
  105.34467300384307     99.10668703918756    104.31855171368618      h
  104.35823596247675    102.29843447763142    104.03131334148755      h
  107.59722655424277    101.57277964260332    104.53398049283513      h
  104.66626132213712    103.41715234829971    111.13479387500469      h
  104.37902294993850    105.76419220534369    105.76797165760945      h
  104.56988528935996    108.17737247703865    111.06487400808791      h
  103.77997976581375    110.35433698212290    104.86657229222301      c
  105.37490862196924    109.44348898607203    103.88769415538825      h
  102.08678515074821    109.22239102852441    104.43949418619086      h
  103.51352838107688    112.22894530594547    104.05399005508218      h
  104.70594557092772    112.64090560291453    111.01574112863288      h
  103.90281196445132    115.38478794786448    105.87001686878529      h
  102.53087079197634    120.77239715272145    109.62679242096193      h
  102.13969748246902    119.41935324157535    106.57677444248452      h
  107.23628886286160    121.29396156539791    108.62523757053255      h
  105.02152983511962    123.19124660281508    106.98117583492204      h
  105.22184080520550    119.49305256075787    103.53242564240574      h
  108.24351289168965    118.93180389929084    104.87980037515320      h
  109.27341363411233    123.59564799525261    104.21650650251034      h
  106.12890934899062    124.06807952847402    103.14692151129707      h
  110.44504383650143    114.95582011569945    120.18091287312825      o
  109.64002050389213    114.27551870786063    118.68424977588282      h
  109.48695268712841    116.50161609239990    120.47382042372553      h
   99.17221451831078    115.24618527301722    121.58825929232823      h
   96.82960541585430    116.71071797507055    110.95021406117445      h
  114.65595415086669    115.84842424820772    110.24354389669145      h
  108.27069762349747    122.33384542270859    101.21965052709118      h
$user-defined bonds
$end
