$coord
  100.66004192041956    116.69058870568847    121.74938556342335      c
  100.23674326665318    118.19103125519966    120.37177521254971      h
  100.25753025411493    117.46348669403869    123.63722197017610      h
  103.44360851416012    115.93091880026844    121.53773623654014      c
  104.59823118135324    117.20837366609913    122.70936643892925      h
  103.74974414768759    114.05820020257877    122.36543628274406      h
  104.76074762878140    115.88556537307919    118.91290663796200      c
  103.46628522775474    115.74572563924565    116.91546611550186      o
  107.14180255621731    115.93469825253422    118.99038540941029      o
   98.75330825233794    117.07609283679714    111.75084459432540      c
   99.49408089642911    115.30163999801752    112.54452957013737      h
   99.97407133418207    117.65812848572592    110.17103354723299      h
   98.78354387046411    119.25872652028006    113.67647552373587      c
   97.38703625826162    121.08798141691337    113.49128236271308      o
  100.47862821166254    119.20203473629350    115.51139959876782      o
  114.15835568762171    116.01595647624829    112.24784256727432      c
  115.63801124967117    117.03640858800654    113.27963303582989      h
  112.37256449204479    117.10065927652465    112.39335147950652      h
  113.68403442826741    113.54041524216809    113.53285633763656      c
  114.22827555453848    113.09821932707285    115.70793111658793      o
  112.44815353736021    111.69604253647171    112.22894530594547      o
  112.00406789613209    112.13067954703541    110.48850753755779      h
  107.72572793127898    122.68102054693597    103.21117219981517      c
  106.84322582722139    120.36610603415104    104.72673255838946      c
  106.40480936439192    121.13144511796972    107.49140189080116      c
  104.73429146292101    119.30785939973508    108.98806498804659      c
  105.84356070292488    116.82853871338912    109.46427597353377      n
  101.51230840635100    117.61466478466954    115.77785098350471      h
  104.68893803573175    114.93503312823771    108.48350811056612      c
  105.28609149372362    112.33288024325418    109.15814034000630      c
  104.38469212833716    110.20504861762494    107.99784849441451      c
  104.75696817651564    107.74273546647495    109.13735335254455      c
  104.44705309072239    105.50907917740412    107.89958273550445      c
  104.82688804343240    103.09022972731049    109.06365403336201      c
  105.27475313692631    100.86791179503699    107.81265533339172      c
  105.74529494401482     98.63803495823193    109.33199514423178      c
  106.33299977134226     96.28721564892219    108.47405947990170      c
  106.75440869897575     93.98363949293459    109.94615613741961      c
  107.18148680500792     94.15182511876141    112.83365766846887      c
  108.11879096691919     91.58935648256848    113.86355841089154      c
  106.58433334701606     89.36136937189629    112.89601863085410      c
  106.91881487253681     89.19129401993659    110.04253217019678      c
  106.75440869897575     91.71218868120603    108.70838552037952      c
  106.48795731423888     91.41361195221010    105.87946549944971      c
  107.49707106919982     89.70340980194860    105.25585587559743      h
  104.48673733951298     91.12259412774571    105.35790108677327      h
  107.18715598340657     93.01043053449848    104.75507845038274      h
  108.77452593503051     88.32201999880920    109.58710817217134      h
  105.51096890353701     87.89683161890991    109.20349376719554      h
  107.16636899594484     87.58313708085090    113.80875635303786      h
  104.56799556322707     89.60136459077277    113.36089125954396      h
  110.10489313258201     91.35692016822354    113.26451522676679      h
  108.13390877598228     91.66683525401679    115.94414688319864      h
  104.72484283225657     94.85858269246064    114.25095226813310      c
  103.26975370993463     93.38837576107559    114.02040567992107      h
  105.12546477242834     95.05322448414785    116.28807703938382      h
  103.89336333378689     96.64248416190468    113.60277620455332      h
  109.29231089544118     96.07367659590611    113.46671592298556      c
  109.80253695132029     95.89982179168062    115.47927425450878      h
  111.00062331956980     95.66549575120281    112.34421860005149      h
  108.75751839983454     98.04466095250584    113.12278576680038      h
  106.42937580411943     96.05855878684302    106.42748607798654      h
  105.57332986592223     98.97818566215135    111.35400210641941      h
  105.47317438087929    100.76775630999404    104.97050722953172      c
  105.20294354387664     98.84590483284934    104.24485239450362      h
  104.08800512547413    102.00930637929991    104.05021060281641      h
  107.37234914442936    101.39136593384632    104.38280240220428      h
  104.89680791034917    103.05999410918433    111.13290414887179      h
  103.97273183136809    105.54120452166318    105.89080385624702      h
  105.34278327771018    107.71249984834878    111.12156579207448      h
  103.01842013426084    110.28819656747191    105.50152027287258      c
  104.21083732411168    109.46616569966666    103.99918799722849      h
  101.28176181813893    109.15436088774052    105.53364561713163      h
  102.54220914877365    112.22705557981257    104.97050722953172      h
  106.42559635185366    112.14012817769984    110.87590139479936      h
  103.04676602625413    115.22605095270210    107.21550187539985      h
  104.33366952274925    120.12233136300880    110.86645276413492      h
  102.90125711402193    119.13778404777538    107.97895123308565      h
  108.24351289168965    121.36955061071332    108.44760331404129      h
  105.45049766728467    122.98526645433056    107.52919641345888      h
  105.05743463164445    119.64234092525584    103.91226059511575      h
  108.21138754743059    118.79196416545732    104.69271748799753      h
  109.34333350102909    123.55407402032914    104.21272705024457      h
  106.16481414551544    124.06430007620826    103.24707699634001      h
  111.45415759146235    114.16591459215326    120.14878752886919      o
  111.33699457122344    113.70293168959627    118.38189359462113      h
  109.74773489346661    114.95204066343368    120.31697315469602      h
   99.20548408372294    115.24791019796668    121.53555764187628      h
   96.82829806016736    116.82425931165702    111.06258752561783      h
  114.64055454173186    115.84241787765370    110.25281104449986      h
  108.27039666494979    122.33176731313179    101.25563127561801      h
$user-defined bonds
$end
