$coord
  214.07762496395009    230.06092859589685    235.04791586058209      c
  213.82629138827630    231.40074442411279    233.47188426575545      h
  213.57495781260252    231.06437317245914    236.79591253350131      h
  216.81961758276717    229.16708813504195    235.12350490589751      c
  217.99502723742205    230.67886904135045    235.96065358276584      h
  216.99725183925841    227.58727708794956    236.44253374665169      h
  218.22746355176696    228.43198466934945    232.64607394568444      c
  217.23724705813487    228.86284222764735    230.54280875978270      o
  220.36663353419351    227.43231954505293    233.03724725519174      o
  212.21246527079197    230.14974572414249    224.93032214511234      c
  212.67922762561471    228.42820521708367    225.99423795792694      h
  213.36708793798510    230.10628202308612    223.19555355512333      h
  213.25937354841062    232.35127666895426    226.41564688556045      c
  215.30027777192711    232.26245954070865    227.42098118825564      o
  211.93656525539066    234.54146925696872    226.36273455383966      o
  212.95323791488315    235.76790151721153    227.29814898961806      h
  227.61562297994283    229.35606074833052    225.65597698014045      c
  229.15008059984598    230.31604162383644    226.67264963963291      h
  225.87518521155519    230.48611697579614    225.90731055581423      h
  227.13752226832278    226.85028389612415    226.89752704944630      c
  227.64018941967038    226.37218318450408    229.06882237613192      o
  225.93943590007328    225.01158036882643    225.54259341216729      o
  225.69755095506392    225.40275367833377    223.75491249045749      h
  221.10740617828469    236.07403715073897    216.57206345935916      c
  220.18144037317072    233.80825551740909    218.13864642352135      c
  219.82050268178955    234.71154460892842    220.87874931620553      c
  217.79849571960193    233.39251576817426    222.45289118489927      c
  218.31250122774682    230.79414233545648    223.35051109801992      n
  218.16888204164752    230.55036766431425    225.27425230129751      h
  218.21990464723544    228.76646619487022    221.89353224956514      c
  218.17833067231194    226.27769687785980    222.80815969788176      c
  217.95912244089720    224.09506319437688    221.31905550516788      c
  217.90432038304354    221.69889045787789    222.51903159955026      c
  217.95345326249856    219.40476293255472    221.25102536438399      c
  218.11030053152805    217.03693608804900    222.46233981556369      c
  218.62619576580582    214.76359555018757    221.23779728145379      c
  218.97768482652256    212.56206460537581    222.77792407975559      c
  219.56727937998289    210.18856858247145    221.90487060636244      c
  219.95089378495868    207.86609516515500    223.30326794469781      c
  220.27781640594790    207.88877187874962    226.20966673707593      c
  221.16598768840416    205.26583200630435    227.13563254218988      c
  219.62208143783656    203.11154421481470    226.02636330218601      c
  220.03404173480564    203.06997023989121    223.18043574606025      c
  219.98868830761637    205.63999778061569    221.94455485515303      c
  219.88853282257344    205.44535598892847    219.10618620355879      c
  221.03370685910213    203.82397096691258    218.48068685357364      h
  217.94211490570123    205.01827788289631    218.49958411490249      h
  220.52159107709014    207.11965334266515    218.06494710433878      h
  221.87841444050201    202.18557840970075    222.72690147416768      h
  218.63375467033737    201.85676606257863    222.21856514442146      h
  220.15498420731032    201.28039959204852    226.85784280065570      h
  217.59818474951604    203.35531888595696    226.45344140821817      h
  223.16342821086428    205.03339569195938    226.57438388072285      h
  221.13575207027796    205.24315529270970    229.21622101449699      h
  217.77959845827306    208.55773492979114    227.56271064822207      c
  216.28293536102763    207.17634512665171    227.14319144672143      h
  218.07817518726901    208.56907328658846    229.62440185920028      h
  217.05205389711207    210.42478434908216    227.02980787874830      h
  222.37163296118518    209.76715965483794    226.99579280835636      c
  222.78737271042004    209.51960553142993    229.01968949667688      h
  224.12907826476882    209.39110415439370    225.94699480460483      h
  221.86140690530604    211.75515154663364    226.70477498389195      h
  219.68633212635470    209.99203706465136    219.86018693058017      h
  218.75091769057627    212.88331804796638    224.79804131581034      h
  218.94744920839639    214.68422705260639    218.40698753439108      c
  219.08917866836282    212.75481667093013    217.66810461643283      h
  217.35818953063958    215.61964148838479    217.44889638501809      h
  220.68788697678409    215.69145108143442    217.86841558651869      h
  217.98935805902337    217.01236964832148    224.52592075267481      h
  217.99502723742205    219.42554992001646    219.18555470113998      h
  217.92699709663816    221.66676511361885    224.58261253666137      h
  217.79282654120328    224.21789539301446    218.47501767517497      c
  219.47846225173726    223.39019534681054    217.57361830978854      h
  216.15443398399142    223.13130286660521    217.79471626733616      h
  217.59251557111739    226.15486467922224    217.79093681507038      h
  218.22179437336831    226.06415782484373    224.86229200432848      h
  218.12730806672403    229.15952923051043    219.86774583511172      h
  217.46968337247984    234.47532884231771    224.18199059648964      h
  216.00325589336057    233.36983905457961    221.38897537208464      h
  221.64219867389133    234.68130899080228    221.88975279729934      h
  219.20445196246885    236.70331595298990    220.81071917542164      h
  218.34840602427164    233.15063082316490    217.37519706583555      h
  221.49102058326048    232.18120131699456    218.10463135312941      h
  222.72690147416768    236.93953171960061    217.57361830978854      h
  219.56161020158422    237.46298585840992    216.59096072068800      h
  225.08338996187607    227.74223463084618    233.49456097935010      o
  225.33661326368275    227.46066543704623    231.66719580884967      h
  223.17476656766158    227.67042503779652    233.49645070548297      h
  212.60299392777466    228.63106314474817    234.89386958269588      h
  210.22720089381016    230.11401096535681    224.38238917706539      h
  228.04553956510296    229.21319616003117    223.64661300211520      h
  221.65725614367810    235.71537867077427    214.61967741472623      h
$user-defined bonds
$end
