$coord
  112.34232887391860    111.25384662137647    111.52029800611335      c
  112.94893096257491    109.28664171704253    111.19337538512414      h
  112.96404877163798    112.38012339657632    109.88190544890149      h
  113.68970360666607    112.24217338887567    113.84844060182847      c
  112.79019396741251    113.29097139262720    115.64745988033560      o
  116.23327498153014    111.79619802151466    113.76907210424727      o
  116.66980171822672    111.27652333497110    112.05886995398576      h
  127.18423792160245    109.75529379799816    107.96383342402257      c
  128.32374277973250    108.07154781359705    108.36823481646009      h
  128.01004824167347    111.40880416427309    108.90302731206673      h
  124.51216516970214    109.30931843063715    108.86901224167478      c
  123.19880550734663    110.78708426655372    110.06520888379140      o
  123.62021443498013    107.02274980984552    108.17359302477288      o
  121.81552597807435    106.97361693039049    108.54586907295135      h
  119.14156350004114    118.16268536320639    102.04521117582473      c
  118.50472579325869    115.72682837791680    103.48140303681782      c
  118.99038540941029    116.22382635086572    106.30654360548186      c
  117.29908052047766    114.72338380135452    108.08666562266015      c
  117.96426411925340    112.01540625292940    108.26996905755004      n
  119.59320804580082    111.59210759916300    109.24128828985326      h
  116.97026817335555    110.22205615282091    106.83188747042408      c
  117.42758189751387    107.63313135076758    107.16447926981195      c
  116.67547089662538    105.69805179069269    105.52041753420143      c
  117.11388735945485    103.15448041582862    106.25174154762817      c
  116.73027295447908    101.09467893098326    104.69460721413041      c
  117.18947640477029     98.56244591291649    105.40514424009541      c
  117.10065927652465     96.52721086779866    103.75163387382047      c
  117.66946684252324     94.05922853825001    104.76074762878140      c
  117.64301067666283     91.82557224917917    103.43793933576146      c
  118.16079563707351     89.27255224365068    104.31666198755327      c
  119.45714776423306     88.80201043656214    106.89613815894218      c
  120.21114849125442     85.99198767696120    107.16447926981195      c
  118.11355248375136     84.18729922005541    106.38213265079729      c
  117.58631889267626     84.56902389889831    103.57966879572787      c
  117.43703052817831     87.30156788705095    102.77275573698570      c
  116.32965101430730     87.56046036725628    100.16493367360353      c
  117.04018804027231     86.01655411668871     98.96306785308825      h
  114.26418035106330     87.29022953025364    100.25375080184915      h
  116.69247843182136     89.34814128896609     99.18983498903452      h
  119.07542308539016     83.64872727218300    102.43071530693341      h
  115.82698386295974     83.61849165405684    102.98629479000178      h
  118.64456552709223     82.21253541118992    106.75629842510865      h
  116.38634279829388     84.55201636370234    107.49140189080116      h
  121.87788694045958     85.64238834237736    105.96072372316380      h
  120.81775057991071     85.64994724690889    109.12601499574724      h
  117.71482026971249     89.48609129666674    109.13924307867744      c
  116.04241264210869     88.25021040575955    109.21105267172710      h
  118.75039019053384     89.23475772099296    110.93070345265302      h
  117.02884968347500     91.44195784420340    109.08066156855799      h
  121.94591708124345     90.31946052126932    107.05676488023747      c
  123.00038426339363     89.74498377687209    108.75940812596743      h
  123.15534180629027     89.90750022430025    105.41459287075983      h
  121.66434788744350     92.37170310158312    107.15125118688174      h
  117.08743119359445     91.95596335234829    101.45750634849730      h
  118.15323673254196     94.05166963371848    106.76196760350730      h
  116.48460855720393     96.92216362957176    100.99830289820609      c
  116.43736540388180     95.15715942145656     99.91926927632839      h
  114.64212557764043     97.85946779148303    100.77720494065846      h
  117.91891069206413     98.15804452047897    100.13469805547734      h
  117.73749698330712     98.19961849540246    107.36667996603072      h
  116.07831743863353    101.44238853943421    102.76897628471994      h
  117.86410863421045    102.81999889030784    108.15091631117825      h
  115.50006124197051    106.26685935669127    102.99385369453333      c
  116.81153117819315    105.71127987362289    101.47451388369328      h
  113.74639539065264    105.18215655641490    102.73118176206222      h
  115.09188039726722    108.27563823594869    102.71228450073338      h
  118.35732715489361    107.06810323703478    108.93137320406002      h
  115.63612152353828    110.88346029933089    105.39758533556387      h
  117.38600792259039    115.46037699317991    110.02552463500081      h
  115.31864753321349    114.84621599999208    107.45927654654211      h
  120.99538483640198    115.88556537307919    106.78086486483616      h
  118.59921209990297    118.22315659945873    106.71661417631805      h
  116.48082910493817    115.29030164122021    103.19416466461919      h
  119.59509777193371    114.06386938097742    102.84456533003537      h
  121.02373072839526    118.82031005745060    102.67826943034143      h
  117.74694561397155    119.57431078447198    102.65937216901257      h
  110.28434224407019    111.32186821445636    111.57364827519562      h
  127.14104360280928    109.97911890447190    105.91668449697619      h
  119.11349271284541    118.07145530482025     99.98762247437729      h
$user-defined bonds
$end
