$coord
  327.43473677122824    343.46906300876299    348.49951397450457      c
  327.24198470567399    344.80320965858022    346.91592347514643      h
  326.86026002683110    344.47628703759102    350.22294420769629      h
  330.18050884231110    342.62813487962887    348.75840645470993      c
  331.32190342657407    344.21361510511991    349.49350992040240      h
  330.33357665907488    341.13147178238347    350.17948050663989      h
  331.52977330119148    341.79854510729211    346.38302070567266      c
  330.81734654909360    342.02342251710547    344.22684318805011      o
  333.81823164811601    340.71762175928149    346.91403374901353      o
  334.40782620157631    339.95417240159566    345.34367133258553      h
  325.54690036447550    343.63913836072271    338.30822093985228      c
  326.19129697578956    341.80232455955780    339.03009632261461      h
  326.64672097381498    344.03976030089444    336.59423933732501      h
  326.31412917442708    345.64791723998013    340.17527035914333      c
  328.36448202860805    345.61201244345528    341.20328137543305      o
  324.68518524787970    347.58110707392211    340.51542106306272      o
  325.53934145994401    348.76596535924142    341.64547729052833      h
  340.95950670429085    342.65081159322352    339.01119906128571      c
  342.61490679669868    343.24607532508247    340.11857857515673      h
  339.46662305931119    344.07566509741929    339.32678332547761      h
  339.95795185386146    340.20739570340237    340.06188679117014      c
  339.69905937365610    339.81244294162923    342.31633006770272      o
  339.16993605644814    338.32900792731402    338.53498807579859      o
  339.37591620493265    338.56144424165893    336.70384345303233      h
  334.47018716396155    349.46138457614336    329.93862389730180      c
  333.51776519298721    347.18426458601618    331.46363288654049      c
  332.88281721233761    348.10456121273148    334.14893372137101      c
  330.69451435045602    346.76663511064845    335.46040365759364      c
  331.18017396660758    344.18904866539242    336.42794343763109      n
  331.06112122023586    344.00952468276824    338.34790518864287      h
  331.11025409969091    342.09334238402221    335.03899472996011      c
  331.05356231570431    339.64803676806821    336.02165231906065      c
  330.99498080558487    337.38225513473833    334.61758580232663      c
  331.05923149410296    335.03710500382726    335.87992285909422      c
  331.27843972551773    332.71841103877654    334.65349059885148      c
  331.53922193185593    330.37893008626412    335.87803313296138      c
  332.08724251039274    328.09992037000404    334.65160087271857      c
  332.45762883243833    325.91350723425535    336.19361739715328      c
  333.00942886324094    323.51922422388924    335.32434337602587      c
  333.40249189888118    321.22131724630032    336.73974824955718      c
  333.79366520838846    321.27233985188820    339.63669841127091      c
  334.69506457377491    318.66073833624023    340.57967175158086      c
  333.13226106187852    316.49133273568754    339.52520456943068      c
  333.46863231353217    316.42519232103655    336.66982838264039      c
  333.39493299434963    318.97254314816638    335.40182214747415      c
  333.22296791625701    318.74766573835302    332.57101240041146      c
  334.30389126426763    317.08659646754649    331.94173359816057      h
  331.24631438125863    318.36783078564298    332.02299182187465      h
  333.87303370596965    320.39361720009634    331.49197877853379      h
  335.30166666243122    315.54269021697894    336.17094068355863      h
  332.05322744000080    315.19498060852800    335.75331120819089      h
  333.69917890174423    314.67152646971863    340.35668406790035      h
  331.11970273035530    316.71998959776670    339.99952582878490      h
  336.68305646557059    318.41507393896512    339.99385665038631      h
  334.68750566924342    318.66451778850603    342.66026022388792      h
  331.32190342657407    321.95831043812569    341.03131629734054      c
  329.85169649518906    320.51833912486683    340.72707038994594      h
  331.68851029635385    322.07547345836463    343.07977942538855      h
  330.52821845076204    323.77622697796170    340.42849366094998      h
  335.91204820335332    323.15261735410940    340.35101488950164      c
  336.40148727177063    322.90317350456849    342.35979376875912      h
  337.63169898427924    322.77467212753231    339.23796619723203      h
  335.39426324294266    325.14438869817087    340.08267377863189      h
  333.08312818242348    323.30190571860737    333.27965970024360      h
  332.26298704075111    326.24042985524460    338.21373463320799      h
  332.39148841778734    328.02055187242280    331.82079112565589      c
  332.52943842548802    326.09303121687952    331.07623902929896      h
  330.80600819229630    328.96352521273280    330.86458970241574      h
  334.13192618617501    329.02777590125089    331.27277054711902      h
  331.41072055481970    330.35058419427082    337.94161407007243      h
  331.34269041403581    332.72219049104228    332.59179938787321      h
  331.04222395890702    335.04466390835876    337.94539352233824      h
  330.89293559440904    337.41438047899737    331.77543769846665      c
  332.63715281506245    336.63392358611560    330.95340683066138      h
  329.31690399958239    336.24652972887407    331.08379793383045      h
  330.62837393580503    339.32111414707902    331.03466505437541      h
  331.05356231570431    339.49307922517158    338.07956407777311      h
  331.07623902929896    342.42026500501146    333.00186995870945      h
  330.11436842766011    347.86267626772207    337.12525238066587      h
  329.06179097164284    346.69104606533301    334.16594125656695      h
  334.58357073193469    348.05353860714354    335.36024817255071      h
  332.29511238501016    350.10011200905865    334.02232207046768      h
  331.78299660299814    346.44349194192500    330.56223352115398      h
  334.89159609159509    345.61579189572103    331.55433974091898      h
  336.06133656785130    350.33632777566936    330.97041436585732      h
  332.91494255659666    350.84088465314989    329.92350608823870      h
  339.13025180765754    340.79887998299552    347.22583856093962      o
  339.11702372472735    340.87635875444386    345.38524530750902      h
  337.47107226298391    341.37146700125987    347.75496187814764      h
  325.98060503484760    342.02413463780243    348.29835470175021      h
  323.56569788598176    343.52757811261210    337.75579609679875      h
  341.42094754885301    342.56945930559834    337.00539839590567      h
  335.03738093228338    349.09866066010545    327.99195886528361      h
$user-defined bonds
$end
