$coord
  109.11845609121571    115.11644683699474    115.29219136735310      c
  108.81421018382112    116.49405718786836    113.75773374744995      h
  108.53075126388826    116.10477360449391    117.02129077894345      h
  111.88501514976028    114.35299747930893    115.51139959876782      c
  112.96782822390375    115.98761058425501    116.22571607699859      h
  112.09666447664348    112.87901109565813    116.94192228136227      h
  113.41758304353054    113.52907688537078    113.22483097797620      c
  115.42069274438933    112.44437408509442    113.46104674458689      o
  112.63334669838299    114.10733308203380    110.87023221640069      o
  111.06487400808791    115.07487286207125    110.79653289721816      h
  107.24951694579180    115.39423657852892    105.24451751880012      c
  107.94871561495950    113.63679127494527    106.10245318313021      h
  108.44760331404129    115.83832221975705    103.61179413998694      h
  107.44793818974479    117.62600314146685    107.02086008371263      c
  106.16481414551544    119.50250119142231    107.07188268930054      o
  109.48884241326128    117.42947162364675    108.61767866600101      o
  109.57954926763981    119.07920253765593    109.44915816447069      h
  122.70369726053059    114.24339336360156    105.82277371546314      c
  124.30051584281895    114.98605573382562    106.92070459866969      h
  121.08798141691337    115.53218658622957    106.12135044445907      h
  121.92324036764883    111.71493979780057    106.87535117148043      c
  122.04418284015350    111.17447812379528    109.09955882988683      o
  120.87444236389729    109.94615613741961    105.35223190837461      o
  120.92357524335232    110.26363012774439    103.52675646400708      h
  116.20114963727109    121.08798141691337     96.74263964694762      c
  115.24872766629673    118.81086142678616     98.26575891005345      c
  114.55708790166058    119.73115805350147    100.93594193582085      c
  112.43114600216424    118.27795865731241    102.23040433684753      c
  113.04152754308630    115.70604139045506    103.12424479770243      n
  113.50451044564328    115.52273795556513    104.98184558632903      h
  112.75239944475479    113.58576866935736    101.78064951722074      c
  112.97727685456817    111.15369113633353    102.74629957112532      c
  112.75050971862190    108.87090196780768    101.37435839865034      c
  112.97727685456817    106.55220800275698    102.64614408608237      c
  113.08310151800978    104.21650650251034    101.42916045650402      c
  113.40813441286610    101.89970226359254    102.66504134741123      c
  113.88245567222042     99.59801583373782    101.43482963490267      c
  114.27551870786063     97.42672050705222    102.97873588547024      c
  114.78007558534108     95.01920941375590    102.10757213820996      c
  115.16557971644976     92.73075106683140    103.52675646400708      c
  115.55486329982421     92.78366339855219    106.42181689958790      c
  116.42413732095160     90.16450297837270    107.37045941829648      c
  114.84432627385921     88.00643573461728    106.31221278388053      c
  115.19203588231015     87.93651586770052    103.45872632322319      c
  115.14101327672225     90.48008724256461    102.18883036192405      c
  114.97849682929409     90.25709955888409     99.35802061486136      c
  116.04052291597581     88.58280220514740     98.73441099100909      h
  112.99995356816281     89.90183104590159     98.80055140566009      h
  115.65690851100003     91.89171266383018     98.27898699298365      h
  117.02507023120923     87.04456513297849    102.96550780254005      h
  113.77474128264592     86.71197333359063    102.53653997037500      h
  115.39045712626314     86.18285001638264    107.14747173461598      h
  112.83176794233599     88.25776931029108    106.77708541257039      h
  118.41023948661440     89.90183104590159    106.78842376936770      h
  116.41657841642005     90.17017215677136    109.45104789060356      h
  113.08877069640843     93.49986960291587    107.81265533339172      c
  111.60344595596032     92.07501609872007    107.51029915213002      h
  113.45348784005536     93.62081207542055    109.86111846143976      h
  112.31209325579243     95.32534504728339    107.20416351860254      h
  117.69592300838363     94.64315391331166    107.13613337781867      c
  118.18347235066813     94.38804088537211    109.14302253094321      h
  119.40801488477803     94.24820115153858    106.01930523328325      h
  117.20081476156760     96.64059443577180    106.86779226694890      h
  114.81598038186591     94.79433200394251    100.06099873629482      h
  114.13000979562842     97.76120203257298    105.00263257379076      h
  114.09032554683783     99.50352952709355     98.59646098330843      c
  114.20370911481096     97.57411914541730     97.85946779148303      h
  112.46894052482195    100.44083368900483     97.69317189178911      h
  115.80997632776376    100.51264328205448     97.99174862078503      h
  113.40057550833457    101.89214335906100    104.73618118905389      h
  112.98483575909972    104.19005033664993     99.36746924552578      h
  113.17947755078696    106.57866416861739    104.70027639252906      h
  112.29508572059646    108.87468142007344     98.56622536518226      c
  113.88245567222042    107.98462041148431     97.55522188408845      h
  110.58488357033495    107.78997861979708     98.09190410582798      h
  112.06642885851730    110.78330481428796     97.82167326882532      h
  113.36845016407551    110.99684386730404    104.76830653331295      h
  112.26485010247029    113.89757348128349     99.80210625608949      h
  111.79052884311599    119.32486693493105    103.91037086898287      h
  110.80220207561680    118.13622919734598    100.93783166195375      h
  116.25028251672612    119.75761421936187    102.15670501766499      h
  113.88623512448618    121.70025268396830    100.79610220198732      h
  113.53852551603522    118.04552234296747     97.33979310493947      h
  116.63956610010055    117.25750654555416     98.39048083482390      h
  117.79229904116080    121.96859379483809     97.77254038937029      h
  114.64590502990620    122.46370204165413     96.71429375495434      h
  120.50783549411747    112.24406311500854    113.85222005409423      o
  120.53429165997787    112.07965694144751    112.02485488359382      h
  118.71637512014189    112.41224874083537    114.23016528067136      h
  107.69205323136396    113.64364611460135    115.09466903824723      h
  105.30429585750801    115.19088471785551    104.59834022468661      h
  123.16104289019613    114.18489566678387    103.81523912012885      h
  116.77400236985032    120.72470895235092     94.79773475975176      h
$user-defined bonds
$end
