$coord
  114.59866187658406    110.81920961081278    122.01016776976155      c
  114.00906732312374    112.42169737149980    120.82153003217648      h
  114.56653653232500    111.45037813919657    123.98682130475994      h
  117.34632367379979    110.07465751445584    121.30152046992944      c
  118.58220456470700    111.46738567439255    122.25016298863802      h
  117.86977781260912    108.27185878368293    122.18213284785416      h
  118.53685113751774    109.92725887609075    118.56519702951103      c
  117.26317572395281    110.30142465040211    116.57720513771532      o
  120.87066291163153    109.40002528501566    118.63133744416203      o
  112.54075011787160    111.14613223180200    112.13256927316830      c
  113.10199877933863    109.46049652126800    113.19837481211580      h
  113.73883648612110    111.35967128481808    110.45260274103296      h
  112.72405355276152    113.45726729232113    113.83521251889826      c
  112.66925149490783    113.46671592298556    116.08587634316507      o
  112.76373780155210    115.74194618697987    112.55775765306757      o
  112.97727685456817    115.47549480224301    110.75495892229466      h
  127.94957700542113    110.22016642668802    112.75617889702056      c
  129.47836544692561    111.18014730219394    113.77852073491169      h
  126.21102896316634    111.35778155868518    112.99428438976415      h
  127.44879958020644    107.72761765741186    114.01095704925663      c
  127.92690029182650    107.27030393325354    116.19737018500531      o
  126.27527965168446    105.86623741651951    112.67303094717360      o
  126.01449744534624    106.23473401243220    110.88157057319800      h
  121.46214719122473    116.89845858030588    103.71572907729565      c
  120.53051220771209    114.62889749471023    105.30120930278670      c
  120.12044163687591    115.53596603849535    108.05265055226820      c
  118.06064015203056    114.23583445907002    109.63813077775926      c
  118.55385867271372    111.68092472740862    110.66992124631481      n
  118.48015935353118    111.41825279493753    112.61822888931991      h
  118.51039497165735    109.65135886068944    109.20727321946133      c
  118.47260044899963    107.15503063914751    110.08221641898737      c
  118.31953263223591    104.99696339539210    108.55153825135000      c
  118.27606893117952    102.57622421916560    109.70427119241025      c
  118.36866551169092    100.30477340743705    108.39658070845337      c
  118.51417442392312     97.91993902773538    109.57954926763981      c
  119.03951828886532     95.65793684667126    108.33799919833392      c
  119.35510255305722     93.43750864053064    109.86111846143976      c
  119.95036628491621     91.06590234375915    108.98617526191370      c
  120.31508342856313     88.74342892644269    110.39213150478062      c
  120.61932933595773     88.76988509230310    113.30042002329164      c
  121.50750061841399     86.15450412438936    114.24717281586733      c
  119.99005053370681     83.98698824996953    113.13034467133191      c
  120.42090809200472     83.94919372731181    110.28630684133903      c
  120.36610603415104     86.51166236350475    109.04286704590028      c
  120.27917863203831     86.30379248888732    106.20638812043892      c
  121.44702938216163     84.69374582366875    105.59600657951685      h
  118.34220934583053     85.84647876472900    105.59411685338398      h
  120.89333962522613     87.97997956875690    105.15570039055450      h
  122.27283970223264     83.07425052778576    109.84411092624379      h
  119.03384911046668     82.72654091933481    109.31687733516868      h
  120.53429165997787     82.16151280560200    113.96182416980160      h
  117.96237439312051     84.21375538591580    113.53663578990233      h
  123.51438977153853     85.92584726231020    113.71427004639358      h
  121.44702938216163     86.13938631532628    116.32587156204154      h
  118.10410385308693     89.43128923881308    114.63078722084312      c
  116.63389692170190     88.01777409141461    114.22449610227271      h
  118.39323195141844     89.48420157053387    116.69247843182136      h
  117.35388257833134     91.27755167064234    114.05631047644589      h
  122.70180753439770     90.65772149905584    114.10166390363514      c
  123.11943700976543     90.39504956658475    116.12367086582279      h
  124.46114256411423     90.29867353380757    113.04719672148495      h
  122.17646366945550     92.64382366471865    113.82576388823384      h
  120.10532382781284     90.87504000433769    106.94338131226432      h
  119.09432034671900     93.74364427405810    111.87934597136163      h
  119.40234570637938     95.61069369334912    105.50907917740412      c
  119.60832585486389     93.69262166847020    104.75696817651564      h
  117.80174767182523     96.51020333260269    104.53587021896801      h
  121.12010676117241     96.67271978003085    104.99885312152500      h
  118.35543742876072     97.86702669601458    111.64124047861804      h
  118.44236483087346    100.35390628689208    106.33299977134226      h
  118.25906139598355    102.50630435224883    111.76596240338849      h
  118.20803879039563    105.16892847348470    105.70750042135711      c
  119.92391011905580    104.39225103286870    104.81932913890087      h
  116.60933048197440    104.06154895961372    104.97428668179748      h
  117.97749220218358    107.11534639035692    105.05743463164445      h
  118.45181346153790    106.92826350320125    112.12878982090253      h
  118.45748263993656    110.05764997925986    107.18337653114081      h
  117.60521615400512    115.41124411372489    111.28030278723688      h
  116.32965101430730    114.11867143883111    108.47405947990170      h
  121.93268899831325    115.52273795556513    109.08444102082376      h
  119.50628064368809    117.52773738255681    107.96194369788968      h
  118.71637512014189    113.94670636073852    104.51508323150628      h
  121.86087940526360    113.02263028175743    105.28609149372362      h
  123.07975276097483    117.76206342303463    104.71728392772503      h
  119.91446148839138    118.28551756184396    103.72895716022585      h
  125.45135905774630    108.59878140467215    120.60232180076176      o
  125.70458235955299    108.31721221087219    118.77495663026134      h
  123.54273566353183    108.52697181162249    120.60421152689463      h
  113.03818059298787    109.47571448405301    121.95819503758516      h
  110.57955655366897    111.01220352998695    111.51729286086943      h
  128.40323251403294    110.07203401571275    110.75242351641744      h
  122.01537312208598    116.56735079126175    101.75943389035986      h
$user-defined bonds
$end
