$coord
  114.55519817552769    110.85322468120472    122.03851366175483      c
  114.02229540605394    112.37445421817766    120.72326427326644      h
  114.37378446677067    111.59966650369455    123.96792404343108      h
  117.32931613860382    110.08221641898737    121.53962596267304      c
  118.54063058978352    111.48817266185429    122.49960683817893      h
  117.78096068436348    108.30398412794199    122.49960683817893      h
  118.58220456470700    109.83844174784514    118.85432512784254      c
  117.35199285219845    110.18615135629608    116.84932570085087      o
  120.91979579108654    109.28286226477675    118.96959842194856      o
  112.54830902240315    111.12912469660603    112.12123091637099      c
  113.08121179187690    109.43781980767336    113.19270563371715      h
  113.74639539065264    111.31620758376170    110.43937465810276      h
  112.75806862315345    113.43270085259363    113.82576388823384      c
  112.75050971862190    113.42136249579632    116.07831743863353      o
  112.78263506288097    115.72682837791680    112.56720628373199      o
  113.00562274656146    115.48305370677454    110.76062810069332      h
  128.02894550300232    110.31465273333231    112.75995834928634      c
  129.55584421837395    111.38612745067847    113.67458579760299      h
  126.26016184262136    111.40502471200733    112.98483575909972      h
  127.57352150497690    107.81076560725883    113.99583924019355      c
  126.41133993325224    106.06654838660539    113.05286589988361      o
  128.42200853864253    107.53675531799041    116.38634279829388      o
  129.30640036883304    109.03719786750162    117.00050379148172      h
  121.46025746509184    116.91357638936898    103.70628044663121      c
  120.52862248157921    114.64968448217198    105.29365039825515      c
  120.09776492328128    115.56620165662152    108.03753274320511      c
  118.03607371230305    114.24906254200022    109.59466707670288      c
  118.54252031591639    111.70738089326903    110.64157535432153      n
  118.43858537860768    111.46549594825967    112.57665491439643      h
  118.53685113751774    109.65324858682234    109.20349376719554      c
  118.39323195141844    107.17770735274215    110.10489313258201      c
  118.42535729567749    105.01397093058807    108.57232523881174      c
  118.24772303918624    102.59701120662734    109.71938900147333      c
  118.49716688872715    100.33311929943035    108.43248550497822      c
  118.56708675564391     97.93694656293135    109.60600543350019      c
  119.12077651257941     95.68628273866454    108.36445536419433      c
  119.38722789731628     93.44506754506217    109.88190544890149      c
  119.98060190304237     91.07724070055646    109.00696224937543      c
  120.32264233309468     88.73775974804403    110.40535958771082      c
  120.61743960982484     88.75665700937290    113.31364810622183      c
  121.50561089228110     86.14127604145916    114.25473172039888      c
  119.99005053370681     83.97187044090644    113.13223439746480      c
  120.41901836587185     83.94163482278027    110.28819656747191      c
  120.36799576028393     86.51355208963763    109.05231567656470      c
  120.27539917977253     86.31135139341887    106.21394702497047      c
  121.44513965602876     84.70319445433319    105.59411685338398      h
  118.33654016743186     85.85025821699477    105.60545521018129      h
  120.88389099456171     87.99131792555421    105.16703874735182      h
  122.27094997609979     83.06669162325421    109.84600065237667      h
  119.03195938433377     82.71898201480327    109.31876706130157      h
  120.53807111224364     82.14639499653892    113.96371389593449      h
  117.96048466698761     84.19296839845406    113.54797414669966      h
  123.51061031927274     85.91639863164578    113.71804949865935      h
  121.44891910829452     86.12237878013030    116.33532019270596      h
  118.09843467468826     89.41428170361711    114.63456667310889      c
  116.61877911263882     88.01966381754750    114.19803993641230      h
  118.37055523782381     89.43317896494595    116.70003733635291      h
  117.36711066126152     91.27566194450945    114.08465636843917      h
  122.69802808213194     90.63882423772699    114.13189952176131      c
  123.09676029617080     90.37804203138877    116.15957566234761      h
  124.46681174251289     90.27032764181429    113.09443987480709      h
  122.18780202625283     92.62681612952268    113.84466114956270      h
  120.16012588566650     90.89393726566655    106.96416829972607      h
  119.09432034671900     93.74742372632387    111.89635350655760      h
  119.53651626181426     95.64848821600684    105.54309424779606      c
  119.82186490787997     93.73986482179232    104.79476269917335      h
  117.91702096593126     96.49130607127383    104.54531884963244      h
  121.22215197234824     96.77287526507379    105.05554490551157      h
  118.30630454930569     97.87080614828034    111.65635828768112      h
  118.76739772572979    100.39925971408134    106.38780182919595      h
  118.00772782030977    102.53465024424212    111.76785212952137      h
  118.73905183373651    105.20672299614242    105.75096412241348      c
  120.73082317779797    104.87791064902032    105.23317916200281      h
  117.58442916654337    103.80076675327550    104.75318872424987      h
  118.18914152906679    107.07188268930054    105.04798600098002      h
  118.19292098133256    106.96227857359317    112.14579735609850      h
  118.60110182603586    110.03497326566524    107.17581762660926      h
  117.54663464388567    115.42636192278798    111.22739045551607      h
  116.32209210977577    114.11489198656534    108.40413961298493      h
  121.89678420178841    115.55675302595708    109.08822047308952      h
  119.47226557329614    117.55608327455009    107.93737725816217      h
  118.71637512014189    113.96371389593449    104.50374487470896      h
  121.85898967913070    113.04152754308630    105.28987094598938      h
  123.07786303484194    117.78474013662925    104.70594557092772      h
  119.91446148839138    118.30441482317281    103.71572907729565      h
  125.45135905774630    108.59878140467215    120.60232180076176      o
  125.70458235955299    108.31721221087219    118.77495663026134      h
  123.54273566353183    108.52697181162249    120.60421152689463      h
  113.01978425653196    109.48204009480108    121.96682625467101      h
  110.58367459781863    111.00724582468305    111.51448609745007      h
  128.42765050183888    110.10006731867610    110.75053813920317      h
  122.01604209075767    116.57070428199303    101.75273896388042      h
$user-defined bonds
$end
