$coord
  341.21084027996466    337.60713254455169    349.28186059351918      c
  340.68927586728819    339.36835730040116    348.32565917027904      h
  340.98029369175259    337.96240105753424    351.31898536476996      h
  343.99818632597095    337.00242018202829    348.67525850486294      c
  345.19438296808761    337.92838598714229    350.11145036585600      h
  344.48573566825547    334.99364130277087    348.71116330138773      h
  344.90147541749030    338.04743873351407    346.16948165265654      c
  346.47183783391824    336.99108182523099    344.80320965858022      o
  343.83378015240993    340.22062378633257    345.60445353892374      o
  343.81677261721393    340.40959639962114    343.72606576283539      h
  339.34001140840786    337.70728802959462    338.67671753576496      c
  339.89370116534337    335.78732627858284    339.25308400629513      h
  340.38880941215939    338.10602024363351    336.92683113671291      h
  340.43416283934863    339.49685867743733    340.59101010837816      c
  342.68104721134966    339.20017167457434    341.10690534265592      o
  339.19261277004273    341.37524645352568    341.64169783826253      o
  337.42004965739602    341.67193345638873    341.06155191546668      h
  354.63923418025001    336.94005921964305    339.53276347396218      c
  355.58787669895861    335.34890981575336    340.46817790974058      h
  355.31386640969021    338.69939424935961    340.39636831669094      h
  351.82354224225037    336.54699618400286    339.92393678346951      c
  350.62167642173512    334.71585156123666    339.23418674496622      o
  350.73317026357540    338.44050176915425    341.26942179008410      o
  348.97950441225748    337.96240105753424    341.67949236092028      h
  348.23306258976766    343.69960959697499    330.42239378732052      c
  347.31654541531816    341.36579782286128    331.85858564831358      c
  346.39057961020416    342.17649033386920    334.47774606849305      c
  344.31755004242865    340.49274434946813    335.53599270290903      c
  345.13958091023386    337.96429078366708    336.34290576165125      n
  345.74618299889022    337.83956885889660    338.16082230148720      h
  344.79187130178292    335.81000299217749    335.09946596621245      c
  345.27564119180164    333.41571998181138    336.09157218597744      c
  344.89013706069301    331.10080546902645    334.83868375987424      c
  345.28697954859894    328.82179575276632    336.16905095742572      c
  345.25674393047279    326.45207918212776    335.03710500382726      c
  345.60256381279083    324.15606193067168    336.32211877418945      c
  345.99562684843107    321.82980906108946    335.13537076273730      c
  346.39624878860286    319.67741099573271    336.71329208369684      c
  346.85734196502693    317.25478209337331    335.88370231135997      c
  347.26363308359737    314.99089018617633    337.34824006434638      c
  347.72850571228719    315.11372238481391    340.23196214312986      c
  348.63557425607235    312.51534895209613    341.21084027996466      c
  347.04253512604970    310.32704609021454    340.24519022606012      c
  347.28819952332486    310.19854471317836    337.38225513473833      c
  347.17859540761748    312.71754964831490    336.06322629398414      c
  346.88757758315307    312.43975990678075    333.24564462985165      c
  347.88724270744962    310.73144748265207    332.61258637533496      h
  344.87879870389571    312.13551399938615    332.76943364436443      h
  347.56220981259327    314.03468876293618    332.10802949785449      h
  349.11178524155946    309.31226315685501    336.84746263913172      h
  345.85011793619884    308.94187683480942    336.54321673173712      h
  347.63779885790871    308.52802681170743    341.09745671199153      h
  345.04509460358963    310.56893103522395    340.77431354326808      h
  350.60655861267202    312.25078729349212    340.57400257318216      h
  348.68848658779314    312.56448183155112    343.28953902613887      h
  345.28508982246609    315.84504639824064    341.66059509959143      c
  343.79976508201798    314.41263398951332    341.39981289325323      h
  345.68382203650492    315.99622448887146    343.69960959697499      h
  344.49707402505277    317.66107321194374    341.03698547573913      h
  349.87334487311244    316.99399988703516    340.87257930217811      c
  350.41380654711776    316.76345329882304    342.87001982463823      h
  351.56087030977932    316.60471630366067    339.71606690885210      h
  349.35744963883468    318.98577123109658    340.60612791744126      h
  346.84978306049538    316.98455125637071    333.84279808784351      h
  346.29987275582567    320.05535622230985    338.73340931975156      h
  346.13546658226460    321.66918233979419    332.29322265887731      c
  346.29420357742703    319.72654387518776    331.60725207263982      h
  344.47439731145818    322.53845636092160    331.39560274575661      h
  347.81354338826708    322.70853171288132    331.62992878623447      h
  345.68382203650492    324.20519481012673    338.38947916356636      h
  345.01107953319769    326.36515178001503    332.99242132804494      h
  345.69893984556802    328.93895877300525    338.19105791961334      h
  344.08322400195078    330.96852463972442    332.11558840238604      c
  345.64035833544858    330.26743624442389    330.92128148640234      h
  342.48829514579529    329.66272388190043    331.86236510057938      h
  343.51630616208513    332.80533844088927    331.37103630602911      h
  346.05420835855051    333.34391038876169    338.00208530632483      h
  344.01519386116689    336.02543177132645    333.20596038106100      h
  343.48607054395893    341.39981289325323    337.20651060437996      h
  342.81899721905035    340.25085940445871    334.10735974644746      h
  347.98172901409390    342.28987390184233    335.82512080124059      h
  345.58555627759489    344.09456235874808    334.34924469145687      h
  345.71783710689687    340.50975188466407    330.81734654909360      h
  348.77541398990587    339.89181143921047    332.06834524906390      h
  349.81665308912585    344.57266307036821    331.47119179107204      h
  346.66647962560552    345.06777131718422    330.41861433505471      h
  351.43425865887599    335.53032352451038    345.57799737306340      o
  351.46071482473639    336.97596401616789    344.44416169333198      h
  349.61445239290708    335.28843857950102    345.79153642607946      h
  339.73479438349062    336.22869826232170    348.87690430199325      h
  337.33321254162041    337.71801957433684    338.21257822566577      h
  355.14297911642518    336.82592950754088    337.53877310160215      h
  348.79398967889801    343.33690486265010    328.47391021455189      h
$user-defined bonds
$end
