$coord
  114.47205022568073    110.89857810839398    122.14433832519643      c
  114.21126801934251    112.25729119793876    120.58531426556578      h
  113.99772896632643    111.88690487589317    123.90556308104586      h
  117.21215311836491    109.99150956460886    122.23126572730918      c
  118.39701140368420    111.47116512665832    123.09487057003791      h
  117.37089011352730    108.36823481646009    123.49927196247543      h
  118.50661551939157    109.34333350102909    119.73871695803301      c
  117.58442916654337    109.51529857912169    117.65434903346015      o
  120.90278825589057    108.57043551267887    120.13555944593899      o
  121.71537049303140    108.17548275090576    118.49716688872715      h
  112.53886039173871    111.12156579207448    112.00784734839785      c
  113.17191864625541    109.24695746825192    112.64279532904742      h
  113.64246045334393    111.59588705142878    110.31087328106655      h
  113.30797892782317    113.01885082949167    114.02418513218683      c
  115.48683315904032    113.05853507828228    114.73094270588606      o
  111.66958637061133    114.65535366057064    115.02573998261622      o
  110.02363490886792    114.81975983413167    114.15079678309016      h
  127.84942152037820    110.15780546430280    112.77507615834941      c
  129.59741819329741    110.16725409496723    113.91080156421370      h
  126.90455845393538    111.97005282574014    113.19081590758427      h
  126.07118922933280    108.05831973066685    113.70860086799492      c
  125.66111865849662    106.12135044445907    112.40280011017094      o
  125.05073711757457    108.39091153005472    115.88556537307919      o
  121.47348554802204    116.94003255522937    103.67604482850504      c
  120.54940946904095    114.66669201736795    105.22373053133839      c
  120.05241149609203    115.58887837021615    107.93926698429506      c
  117.87922644327354    114.32654131344853    109.34900267942776      c
  118.29685591864127    111.73761651139520    110.30331437653498      n
  117.97938192831649    111.53541581517644    112.20626859235084      h
  118.46126209220232    109.68348420494851    108.89168895526942      c
  118.27417920504664    107.21739160153274    109.84411092624379      c
  118.46126209220232    105.01019147832231    108.40036016071916      c
  118.22882577785738    102.61401874182332    109.59844652896865      c
  118.58031483857411    100.33500902556322    108.37579372099164      c
  118.60488127830162     97.94261574133000    109.57199036310824      c
  119.18502720109753     95.69384164319609    108.34933755513124      c
  119.41935324157535     93.44695727119506    109.86867736597129      c
  120.02217587796585     91.07913042668935    109.00507252324256      c
  120.35476767735373     88.74531865257559    110.42236712290679      c
  120.68358002447583     88.79445153203061    113.32498646301914      c
  121.57553075919785     86.18473974251553    114.28874679079081      c
  120.04863204382626     84.00777523743126    113.19648508598293      c
  120.45114371013091     83.95108345344470    110.34866780372425      c
  120.38689302161279     86.50977263737187    109.09011019922242      c
  120.27161972750677     86.27922604915980    106.25363127376106      c
  121.42246294243414     84.65595130101104    105.64324973283901      h
  118.32520181063455     85.83514040793169    105.65458808963631      h
  120.89144989909326     87.94218504609918    105.18593600868067      h
  122.29740614196017     83.06480189712134    109.89513353183170      h
  119.04896691952975     82.72087174093615    109.40758418954721      h
  120.60421152689463     82.18985869759528    114.04119266738280      h
  118.02284562937285     84.23454237337755    113.62167346588218      h
  123.57864046005663     85.95041370203771    113.74828511678552      h
  121.52450815360996     86.18662946864841    116.36933526309791      h
  118.18536207680101     89.46908376147078    114.67803037416526      c
  116.72460377608041     88.02533299594616    114.34354884864450      h
  118.51039497165735     89.59380568624124    116.73216268061195      h
  117.39923600552059     91.28511057517387    114.05631047644589      h
  122.77739657971314     90.68417766491625    114.08843582070493      c
  123.23282057773858     90.43284408924245    116.10477360449391      h
  124.51783434810079     90.32135024740221    113.00373302042858      h
  122.25394244090381     92.67216955671195    113.81442553143653      h
  120.22815602645039     90.88637836113502    106.96416829972607      h
  119.10376897738344     93.74742372632387    111.87934597136163      h
  119.67635599564778     95.65226766827260    105.53931479553029      c
  119.88044641799944     93.73419564339368    104.78720379464181      h
  118.13811892347887     96.58579237791811    104.49807569631031      h
  121.43380129923145     96.68405813682816    105.10845723723237      h
  118.27606893117952     97.88403423121055    111.61289458662475      h
  118.97148814808145    100.37280354822094    106.35189703267112      h
  117.85088055128026    102.59134202822869    111.62801239568783      h
  119.00739294460627    105.13869285535853    105.61679356697860      c
  121.05585607265431    104.92704352847534    105.29742985052093      h
  118.03418398617016    103.64391948424598    104.55665720642976      h
  118.40834976048151    106.95094021679586    104.82310859116663      h
  117.95292576245608    107.04164707117437    111.87367679296297      h
  118.70692648947745    110.01985545660214    106.87157171921467      h
  117.39923600552059    115.42825164892086    111.03652811609463      h
  116.18792155434089    114.31709268278411    108.12068069305208      h
  121.80229789514414    115.48494343290743    109.06932321176068      h
  119.51383954821962    117.60143670173935    107.83722177311923      h
  118.76928745186268    113.95048581300428    104.39036130673581      h
  121.91001228471862    113.08499124414266    105.25585587559743      h
  123.08731166550638    117.80741685022389    104.68326885733309      h
  119.92202039292292    118.32709153676744    103.68549345916948      h
  125.98426182722008    109.49262186552706    120.43035672266916      o
  125.69324400275566    109.42648145087605    118.55952785111236      h
  124.41011995852631    110.10678285871488    121.11254785664089      h
  112.98159287152600    109.48435225912549    121.99844699687971      h
  110.55318854239414    111.00333905138278    111.47314004390587      h
  128.36647545755659    110.05465581521923    110.78389622350842      h
  122.02501064112175    116.57421084790755    101.72546114480812      h
$user-defined bonds
$end
