$coord
  341.49807865216326    340.54754640732176    354.62222664505401      c
  340.90659437257005    342.19349786906514    353.50161904825285      h
  341.38847453645587    341.06911081999817    356.62911579817859      h
  344.23062264031586    339.88047308241312    353.91735879748768      c
  345.51752613681100    341.21084027996466    354.88300885139222      h
  344.80887883697892    337.99641612792618    354.56175540880173      h
  344.93549048788225    340.05621761277149    351.13190247761429      c
  343.59945411193206    340.77053409100228    349.41981060121987      o
  347.35245021184301    339.30410661188301    350.77663396463174      o
  347.88535298131671    339.46095388091248    348.98328386452329      h
  339.56488881822122    340.83667450565326    344.49707402505277      c
  340.05054843437284    339.20584085297298    345.68382203650492      h
  340.80643888752712    340.92738136003180    342.83978420651204      h
  339.77086896670579    343.24229587281667    346.03342137108876      c
  338.82600590026294    343.61079246872936    348.08377422526974      o
  341.05777246320088    345.02808706839363    344.76352540978962      o
  341.05021355866933    346.55876523603098    345.79531587834521      h
  354.90568556498687    339.82945047682523    345.16036789769566      c
  356.39290003156788    338.81466754346565    346.20160699691559      h
  354.83765542420298    341.79098620276051    345.83500012713580      h
  352.37912172531878    338.48396547021065    345.60256381279083      c
  352.22983336082081    336.18038931422308    345.06588159105132      o
  350.54608737641973    339.80110458483193    346.51908098724039      o
  348.52597014036496    346.60978784161892    336.08968245984454      c
  347.66803447603490    344.33077812535879    337.67894213760138      c
  347.68315228509795    345.12446310117082    340.47006763587348      c
  346.09956178573981    343.46906300876299    342.21995403492554      c
  347.02552759085376    340.88391765897541    342.59789926150268      n
  348.37101259746834    340.60612791744126    343.99251714757230      h
  346.09578233347401    338.89025658878109    341.44516632044247      c
  346.70049469599746    336.37692083204314    342.07822457495917      c
  345.74807272502306    334.24908920641394    340.86313067151372      c
  346.22428371051024    331.83023975632034    341.94972319792294      c
  345.80476450900960    329.55878894459175    340.76864436486937      c
  346.21105562758004    327.19096210008604    341.96484100698603      c
  346.43593303739340    324.89683457476286    340.74029847287613      c
  346.88379813088733    322.69908308221682    342.28420472344368      c
  347.28630979719202    320.29724116731921    341.42626905911362      c
  347.67559338056640    317.99555473746454    342.87946845530263      c
  348.17826053191396    318.11838693610207    345.75563162955461      c
  349.00785030425084    315.50111624205545    346.74584812318670      c
  347.34867075957720    313.35438735509734    345.79531587834521      c
  347.60378378751676    313.20131953833362    342.93427051315638      c
  347.53008446833422    315.73166283026751    341.61524167240219      c
  347.18804403828187    315.45576281486620    338.79577028213674      c
  348.15558381831937    313.73233258167448    338.14570449242410      h
  345.16981652836006    315.18742170399645    338.34223601024422      h
  347.87968380291807    317.04313276649015    337.65626542400673      h
  349.41036197055547    312.26779482868812    342.41837527887856      h
  346.12979740386595    311.97677700422372    342.10657046695241      h
  347.88157352905097    311.54213999365999    346.66836935173842      h
  345.35689941551573    313.67375107155505    346.31310083875587      h
  350.96749630405321    315.17041416880051    346.10523096413846      h
  349.06832154050312    315.55969775217488    348.82454686936092      h
  345.78019806928216    318.93474862550869    347.21450020414233      c
  344.24951990164476    317.54391019170487    346.98206388979742      h
  346.21294535371294    319.08970616840526    349.24784552312724      h
  345.03375624679228    320.76778297440774    346.58711112802428      h
  350.39679901192176    319.92307539300782    346.36979262274241      c
  350.94481959045856    319.68119044799852    348.36534341906969      h
  352.05786828272818    319.46387194271665    345.20194187261910      h
  349.95082364456073    321.92996454613240    346.09578233347401      h
  347.23717691773697    320.04779731777830    339.38347510946420      h
  346.87434950022288    323.07891803492691    344.30621168563135      h
  346.39246933633706    324.73998730573334    337.89626064288319      c
  346.08444397667665    322.81057692405716    337.21595923504441      h
  344.91659322655335    325.95319148304594    337.08367840574243      h
  348.22172423297036    325.40139145224333    337.15359827265911      h
  346.48506591684844    327.21930799207934    344.01708358729979      h
  345.19627269422045    329.55500949232601    338.79577028213674      h
  347.03875567378395    331.80000413819408    343.84511850920723      h
  344.24763017551186    334.37948030958302    338.45184012595161      c
  345.36067886778153    333.55933916791065    336.89281606632096      h
  342.49963350259264    333.26832134344630    338.59167985978513      h
  343.75819110709449    336.32022904805660    337.93027571327514      h
  348.02897216741604    336.09346191211034    343.63535890845691      h
  344.70116444740438    339.30599633801592    339.97873884132315      h
  345.98428849163372    344.30621168563135    344.11723907234273      h
  344.15314386886757    343.35756916692270    341.50563755669481      h
  349.65413664169768    345.21705968168220    341.14847931757942      h
  346.89135703541888    347.04820430444840    340.61935600037140      h
  345.73106518982712    343.77519864229043    337.11580375000148      h
  348.88312837948035    342.64892186709062    337.46162363231952      h
  350.17381132824124    347.47150295821478    337.04966333535049      h
  346.97828443753161    348.00251600155565    336.15582287449553      h
  352.41502652184363    339.01875796581731    351.17725590480353      o
  351.93314635795781    339.76331006217418    349.54075307372455      h
  350.76340588170160    338.70695315389116    351.91046964436316      h
  339.99544033641052    339.15411910751254    354.41433097614953      h
  337.59844095600187    340.69640298923656    343.90025842218540      h
  355.39389009834582    339.73233452126459    343.16161654203523      h
  349.04481575864077    346.25369004462539    334.12836256234095      h
$user-defined bonds
$end
