$coord
  227.79703668869988    224.34261731778491    235.58270835618873      c
  227.59294626634821    225.65597698014045    233.97833086936882      h
  227.23578802723284    225.37440778634047    237.29668995871600      h
  230.54658821204848    223.51302754544813    235.82837275346387      c
  231.70310060537449    225.12496393679956    236.48221799544228      h
  230.72422246853972    222.06360760152481    237.29480023258310      h
  231.83160198241072    222.58895146646702    233.45109727829373      c
  231.11728550417996    222.80060079335021    231.30058893906985      o
  234.06714799761443    221.37763701528732    233.97266169097014      o
  234.49611582977948    220.44411230564182    232.43820407106702      h
  225.91675918647866    224.51080294361174    225.39519477380222      c
  226.57627360685575    222.63052544139052    225.98667905339542      h
  226.99768253448923    225.01913927335798    223.69255152807224      h
  226.72178251908792    226.36651400610543    227.43231954505293      c
  228.88929839350777    226.26824824719540    228.19387917660583      o
  225.18165572078613    228.12206958355620    228.36395452856556      o
  223.51869672384677    228.33182918430651    227.51924694716567      h
  241.46542580786175    223.77569947791923    226.14163659629205      c
  243.19641494558496    224.41442691083455    227.08838938886774      h
  240.03679285140018    225.28748038422773    226.37596263676988      h
  240.33159012813033    221.48346167872893    227.33972296454152      c
  238.70642565384867    220.17766092090497    226.41375715942758      o
  241.10826756874633    221.01669932390615    229.76046214076806      o
  242.37060462551395    222.26391857161070    230.26501901824852      h
  234.84382543823043    230.33115943289951    217.04260526644768      c
  233.88951374112318    228.06915725183538    218.58651151701525      c
  233.28480137859978    229.02157922280975    221.26992262571284      c
  231.09271906445244    227.72900654791599    222.61729735846032      c
  231.54814306247786    225.15142010265996    223.60373439982661      n
  231.20043345402692    224.97378584616871    225.50668861564247      h
  231.68042389177984    223.07650080875152    222.20533706149124      c
  231.51979717048459    220.61607738373442    223.15964875859848      c
  231.66719580884967    218.38620054692936    221.72345689760542      c
  231.49901018302285    216.00514561949348    222.93477134878509      c
  231.83916088694224    213.70534891577162    221.71589799307387      c
  231.91097047999190    211.33563234513304    222.92343299198777      c
  232.50812393798378    209.06985071180316    221.71022881467522      c
  232.75000888299314    206.84564305339674    223.23712753004682      c
  233.35850069778232    204.46836757822661    222.37541241345096      c
  233.69298222330309    202.14967361317591    223.78703783471653      c
  233.96699251257149    202.17612977903630    226.69910580549330      c
  234.86461242569217    199.56641798952123    227.64774832420190      c
  233.36416987618097    197.38945348443696    226.51958182286918      c
  233.80258633901045    197.35543841404504    223.67743371900914      c
  233.75345345955543    199.91790705023797    222.43399392357040      c
  233.68164386650577    199.70814744948765    219.59751499810906      c
  234.84949461662910    198.09432133200332    218.99658208785144      h
  231.74656430643088    199.24705427306355    218.97957455265546      h
  234.29769458582649    201.38055507709146    218.54682726822466      h
  235.65829740150414    196.48994384518340    223.23901725617969      h
  232.42686571426970    196.12711642766936    222.70044530830728      h
  233.91974935924935    195.56586776620233    227.35106132133885      h
  231.33271428332890    197.59543363292153    226.92209348917379      h
  236.87528103108249    199.34720975810649    227.12618391152546      h
  234.79091310650963    199.54563100205951    229.72833679650898      h
  231.43286976837183    202.81674693808455    227.99923738491864      c
  229.98156009831567    201.38433452935723    227.58727708794956      h
  231.70121087924161    202.88099762660266    230.06470804816266      h
  230.66942041068603    204.65167101311650    227.40964283145831      h
  236.02301454515106    204.07719426871927    227.52680585169722      c
  236.42552621145572    203.81452233624816    229.55259226615064      h
  237.79746738393069    203.74082301706562    226.48745647861011      h
  235.48444259727867    206.06140670824922    227.25468528856169      h
  233.55692194173531    204.27561551267226    220.33639791606734      h
  232.42308626200392    207.14610950852557    225.24590640930424      h
  232.98244519733808    209.02638701074676    218.89831632894138      c
  233.33771371032057    207.12343279493095    218.16510258938172      h
  231.36294990145507    209.81818226042586    217.86085668198717      h
  234.64351446814456    210.19234803473722    218.43533342638437      h
  231.59727594193288    211.27705083501357    224.96811666777006      h
  232.16986296019724    213.72991535549914    219.67877322182312      h
  231.16641838363498    215.98435863203170    224.97378584616871      h
  232.09049446261602    218.48824575810519    218.91343413800445      c
  234.09738361574060    218.14998478031865    218.47501767517497      h
  230.97933549647928    217.04827444484633    217.91376901370793      h
  231.56137114540809    220.32883901153582    218.13486697125558      h
  231.22122044148864    220.43844312724318    225.19488380371635      h
  231.89585267092883    223.40153370360784    220.17955064703784      h
  230.54280875978270    228.84016551405273    224.28025635539967      h
  229.44298815044326    227.67420449006229    221.33795276649673      h
  234.99500352886128    228.96677716495608    222.46422954169657      h
  232.71788353873407    231.02279919753565    221.12063426121489      h
  232.14151706820394    227.33216406001000    217.70400941295765      h
  235.25389600906661    226.49312565700879    218.67532864526086      h
  236.44253374665169    231.20610263242557    218.06683683047169      h
  233.29047055699843    231.71254923603894    217.02559773125171      h
  239.15240102120970    221.76692059866178    234.40162952313520      o
  238.84815511381510    221.39653427661619    232.63284586275424      h
  237.49133175040322    222.22045487055433    235.03846722991764      h
  226.34962618439954    222.88864556913146    235.39899351430111      h
  223.93227660263614    224.38837045877807    224.85703000530253      h
  241.82735192264215    223.50657493103120    224.13181978307910      h
  235.40737842322289    229.95826118909852    215.09680540781693      h
$user-defined bonds
$end
