$coord
  109.12790472188013    115.11455711086184    115.28463246282155      c
  108.84066634968150    116.47515992653952    113.72938785545666      h
  108.52697181162249    116.12367086582279    116.99483461308306      h
  111.89257405429181    114.35299747930893    115.53974549076111      c
  112.96215904550510    115.99516948878654    116.25217224285900      h
  112.09099529824482    112.89412890472121    116.98916543468441      h
  113.46860564911846    113.51773852857347    113.28719194036142      c
  115.47549480224301    112.45382271575886    113.58954812162314      o
  112.72783300502728    114.07520773777475    110.91558564358995      o
  111.15747058859931    115.03518861328065    110.80598152788258      h
  107.24573749352604    115.36778041266851    105.23695861426859      c
  107.93548753202928    113.59332757388890    106.06087920820673      h
  108.44193413564264    115.82887358909261    103.60612496158828      h
  107.47628408173807    117.55986272681587    107.05109570183880      c
  106.14591688418659    119.39478680184781    107.23250941059582      o
  109.61923351643040    117.37655929192596    108.52130263322384      o
  109.75340407186528    119.02817993206801    109.34711295329485      h
  122.66212328560709    114.31142350438544    105.83222234612757      c
  124.11343295566327    115.33187561614369    106.90936624187238      h
  120.85554510256843    115.34510369907389    106.01930523328325      h
  122.32386230782056    111.72060897619923    106.94905049066298      c
  122.95692056233727    111.11778633980872    109.06554375949490      o
  121.16168073609590    109.99717874300752    105.39758533556387      o
  122.33520066461787    108.48728756283190    105.38435725263368      h
  116.20303936340397    121.07475333398315     96.74074992081474      c
  115.24683794016383    118.78251553479288     98.23741301806017      c
  114.59299269818541    119.66123818658471    100.93405220968798      c
  112.40280011017094    118.27417920504664    102.18883036192405      c
  112.89790835698699    115.66257768939869    103.05054547851989      n
  113.07554261347825    115.41880301825643    104.94783051593708      h
  112.75806862315345    113.58198921709158    101.62947142658990      c
  112.72594327889439    111.13857332727045    102.59512148049446      c
  112.71082546983131    108.86901224167478    101.19294468989331      c
  112.71838437436286    106.54464909822545    102.48551736478709      c
  112.99428438976415    104.20894759797881    101.30065907946779      c
  113.25128714383661    101.89970226359254    102.57055504076695      c
  113.85410978022712     99.60935419053514    101.38947620771341      c
  114.24906254200022     97.45317667291262    102.96550780254005      c
  114.79708312053705     95.04944503188209    102.11702076887438      c
  115.19014615617728     92.75720723269180    103.53431536853861      c
  115.60588590541211     92.80634011214683    106.42748607798654      c
  116.46949074814086     90.17773106130289    107.36290051376494      c
  114.86133380905517     88.03667135274347    106.31788196227917      c
  115.18069752551284     87.96297203356093    103.46250577548896      c
  115.14290300285512     90.51032286069078    102.19449954032271      c
  114.94826121116792     90.28922490314315     99.36557951939290      c
  115.99705921491945     88.60925837100781     98.73252126487620      h
  112.96215904550510     89.94718447309084     98.82889729765337      h
  115.62289344060808     91.92005855582346     98.27709726685076      h
  116.99483461308306     87.04834458524427    102.94850026734407      h
  113.73694675998820     86.76110621304565    102.55354750557098      h
  115.39423657852892     86.20741645611015    107.14747173461598      h
  112.85444465593061     88.30879191587900    106.80354157843078      h
  118.44803400927212     89.89805159363583    106.75818815124153      h
  116.48271883107105     90.17962078743578    109.44348898607203      h
  113.16247001559098     93.53766412557357    107.85044985604944      c
  111.65257883541535     92.14304623950396    107.54053477025619      h
  113.54986387283253     93.62081207542055    109.89702325796459      h
  112.41602819310114     95.38770600966861    107.27786283778508      h
  117.75828397076886     94.65449227010899    107.12290529488845      c
  118.24961276531913     94.41638677736539    109.12979444801302      h
  119.46848612103037     94.24253197313992    106.00796687648594      h
  117.26695517621859     96.65193279256911    106.83944637495561      h
  114.84621599999208     94.82267789593580    100.07233709309213      h
  114.06575910711031     97.80466573362935    104.98373531246192      h
  114.17725294895057     99.49408089642911     98.56433563904939      c
  114.37567419290356     97.56278078861999     97.85001916081860      h
  112.56909600986489    100.38036245275248     97.59112668061327      h
  115.89123455147784    100.54476862631354     98.01820478664543      h
  113.08877069640843    101.90348171585831    104.63224625174519      h
  113.12278576680038    104.18249143211840     99.24274732075533      h
  112.62200834158568    106.57866416861739    104.54720857576532      h
  112.79208369354538    108.89357868140232     98.35457603829907      c
  114.69503790936123    108.37768344712453     97.68372326112467      h
  111.45226786532947    107.52919641345888     97.54577325342402      h
  112.33288024325418    110.75495892229466     97.58923695448040      h
  112.72216382662862    110.96660824917785    104.65303323920693      h
  112.63145697225011    113.93914745620697     99.60557473826938      h
  111.80375692604620    119.30785939973508    103.88769415538825      h
  110.77574590975641    118.23638468238892    100.88680905636583      h
  116.28618731325095    119.58375941513638    102.15292556539922      h
  114.00150841859219    121.65867870904484    100.84523508144235      h
  113.51584880244059    118.05497097363191     97.31711639134485      h
  116.62066883877171    117.21404284449780     98.31678151564137      h
  117.79229904116080    121.94402735511056     97.78009929390184      h
  114.64968448217198    122.45425341098968     96.72563211175165      h
  120.63633687115370    111.76407267725560    113.56498168189562      o
  121.14278347476704    111.84911035323546    111.80186719991330      h
  118.80141279612172    111.93603775534820    113.56498168189562      h
  107.69706118779720    113.64532832008290    115.09270617934142      h
  105.29754604816839    115.18262172158082    104.59427011404387      h
  123.14518783100802    114.20583562560930    103.83265189180410      h
  116.77544289713946    120.72067486445975     94.79401809825718      h
$user-defined bonds
$end
