$coord
  109.19026568426536    115.09377012340011    115.21660232203767      c
  108.93893210859157    116.40712978575563    113.61411456135065      h
  108.59122250014060    116.16713456687914    116.89278940190724      h
  111.95304529054417    114.30953377825256    115.59265782248191      c
  112.94326178417624    115.93280852640132    116.45626266521064      h
  112.05886995398576    112.79019396741251    116.98727570855151      h
  113.81442553143653    113.62167346588218    113.50262071951039      c
  115.66635714166445    112.33854942165284    113.95993444366871      o
  113.63868100107815    114.62322831631157    111.17069867152951      o
  112.11934119023810    115.62667289287386    110.80220207561680      h
  107.31943681270856    115.17691807324707    105.01964010898674      c
  108.04320192160377    113.22672070410908    105.18971546094645      h
  108.32477111540373    116.05753045117177    103.42849070509702      h
  108.02241493414202    116.57531541158245    107.39691558415687      c
  106.71094499791938    117.66379766412457    108.89168895526942      o
  110.57354521353764    116.45059348681200    107.83911149925213      o
  111.45982676986101    115.76273317444162    106.35378675880401      h
  122.73582260478965    114.38890227583376    105.87001686878529      c
  123.75060553814924    112.87334191725947    106.86590254081601      h
  123.43502127395733    116.16902429301203    106.68259910592610      h
  119.96926354624506    114.02418513218683    106.46717032677715      c
  118.48582853192984    112.65224395971185    105.37301889583635      o
  119.24171898508409    115.36778041266851    108.53453071615402      o
  117.46348669403869    114.97660710316120    108.90491703819963      h
  116.20870854180262    121.08420196464759     96.73508074241607      c
  115.27140437989135    118.79196416545732     98.23741301806017      c
  114.55897762779347    119.70848133990684    100.89436796089737      c
  112.59177272345951    118.13056001894734    102.27008858563812      c
  113.39679605606879    115.57754001341883    103.10345781024070      n
  115.05975505300816    115.47927425450878    104.07666676867680      h
  112.75995834928634    113.42136249579632    101.85056938413751      c
  113.48561318431442    111.03463838996174    102.59512148049446      c
  112.93570287964469    108.73295196010703    101.31955634079665      c
  113.47994400591577    106.44449361318252    102.52142216131192      c
  113.33632481981645    104.08422567320835    101.33845360212550      c
  113.76340292584861    101.79765705241671    102.57055504076695      c
  114.07142828550896     99.46006582603717    101.34790223278993      c
  114.50417556993979     97.31333693907909    102.90314684015482      c
  114.89912833171287     94.87559022765662    102.05465980648917      c
  115.28841191508732     92.61736749885827    103.51352838107688      c
  115.75139481764431     92.72319216229985    106.39914018599326      c
  116.57342568544956     90.09836256372169    107.37990804896091      c
  114.91613586690885     87.96297203356093    106.39914018599326      c
  115.19581533457594     87.82313229972738    103.54187427307016      c
  115.16368999031687     90.33835778259818    102.22095570618310      c
  114.90479751011154     90.06245776719688     99.40337404205060      c
  115.90446263440805     88.34847616466959     98.78732332272989      h
  112.90168780925275     89.74876322913786     98.91771442589899      h
  115.58887837021615     91.65360717108658     98.26386918392056      h
  117.00428324374748     86.89527676848053    103.02786876492527      h
  113.73883648612110     86.60425894401615    102.67637970420854      h
  115.43770027958530     86.14505549372493    107.25707585032335      h
  112.92058507058162     88.27288711935418    106.90369706347371      h
  118.53874086365063     89.77143994273248    106.75629842510865      h
  116.61310993424017     90.14371599091095    109.45860679513511      h
  113.33443509368357     93.53199494717491    107.82777314245480      c
  111.79997747378043     92.15249487016840    107.56888066224947      h
  113.73883648612110     93.66427577647690    109.86489791370552      h
  112.60122135412394     95.37447792673841    107.21550187539985      h
  117.95481548858896     94.53543952373720    107.03597789277572      c
  118.48960798419560     94.29166485259493    109.03152868910297      h
  119.63289229459143     94.09324360864196    105.88324495171547      h
  117.50128121669641     96.54043895072887    106.76763678190596      h
  114.83676736932765     94.60913884291972    100.01375558297266      h
  114.48527830861092     97.69506161792198    104.92515380234246      h
  114.04686184578145     99.32211581833651     98.50764385506281      c
  114.40968926329550     97.41727187638780     97.78954792456626      h
  112.22138640141392     99.96840215578342     97.74608422350990      h
  115.50950987263495    100.58634260123702     97.73663559284547      h
  113.98450088339622    101.83356184894154    104.62657707334652      h
  112.92625424898027    104.04265169828487     99.31644663993787      h
  114.10733308203380    106.50118539716908    104.48673733951298      h
  111.83777199643815    108.72728278170837     98.70228564675004      c
  113.19837481211580    107.92225944909909     97.34546228333814      h
  110.11056231098067    107.57832929291389     98.58701235264401      h
  111.40502471200733    110.63779590205576     98.06355821383468      h
  114.61755913791292    110.90235756065974    104.31477226142039      h
  111.48250348345564    113.71238032026069    100.25564052798202      h
  111.95304529054417    119.15290185683845    103.96895237910232      h
  110.92314454812148    117.86410863421045    101.05121522992688      h
  116.26729005192209    119.91257176225849    102.07922624621668      h
  113.72938785545666    121.61521500798845    100.73752069186787      h
  113.57443031256004    117.99638946351246     97.30955748681332      h
  116.68114007502403    117.25939627168705     98.37536302576082      h
  117.79796821955945    121.96292461643942     97.77065066323740      h
  114.64779475603909    122.45614313712257     96.71807320722010      h
  120.55318892130671    111.87178706683008    112.40468983630383      o
  120.52106357704767    113.17569809852118    111.11400688754294      h
  118.77117717799557    111.79052884311599    112.92247479671450      h
  107.72747170378246    113.65067265073340    115.07347436523997      h
  105.31898454118968    115.12727572982240    104.53126678448447      h
  123.16372077901411    114.23056686579963    103.86138170843491      h
  116.77799560571719    120.72243826393341     94.78884811996924      h
$user-defined bonds
$end
