$coord
  109.14491225707609    115.10888793246318    115.35455232973833      c
  109.05609512883048    116.39579142895832    113.72371867705802      h
  108.43437523111109    116.18414210207511    116.98727570855151      h
  111.84911035323546    114.20559884094385    115.77974070963759      c
  112.79019396741251    115.43770027958530    117.17435859570719      h
  111.89257405429181    112.34043914778572    116.65468390916365      h
  113.70671114186204    114.21126801934251    113.53285633763656      c
  115.63990097580405    112.86200356046216    113.84655087569557      o
  113.28530221422854    115.65690851100003    111.67525554900996      o
  111.36723018934961    115.45848726704703    109.66647666975254      h
  107.35534160923339    115.15991053805109    104.94405106367131      c
  108.15469576344401    113.26262550063392    104.64547433467537      h
  108.21327727356348    116.39957088122408    103.50785920267822      h
  108.28130741434735    116.05186127277312    107.49518134306693      c
  107.30053955137971    117.59387779720781    108.87846087233922      o
  110.51874315568396    114.94070230663637    107.97328205468700      o
  122.77928630584600    114.46449132114918    105.84356070292488      c
  124.41200968465921    115.30541945028330    106.81299020909522      h
  121.17112936676033    115.77596125737182    106.08166619566848      h
  121.98371160390116    112.01729597906228    107.02652926211130      c
  120.92168551721942    110.30709382880077    105.90592166531010      o
  122.38811299633869    111.76785212952137    109.51718830525456      o
  123.08164248710773    113.30230974942451    110.27685821067460      h
  116.20114963727109    121.10876840437510     96.74263964694762      c
  115.23927903563229    118.85054567557677     98.28654589751520      c
  114.57220571072367    119.80107792041824    100.95672892328261      c
  112.43114600216424    118.41023948661440    102.29276529923276      c
  112.97160767616951    115.83832221975705    103.22629000887827      n
  112.68058985170514    115.54730439529266    105.12546477242834      h
  113.05664535214937    113.78796936557612    101.80710568308115      c
  112.96782822390375    111.32943566669189    102.80299135511189      c
  113.06042480441515    109.10144855601973    101.38947620771341      c
  112.92436452284738    106.73173198538113    102.65181326448102      c
  113.21727207344466    104.43760446005795    101.44616799169998      c
  113.30419947555740    102.05843925875493    102.66693107354412      c
  113.87489676768885     99.80588570835525    101.44805771783287      c
  114.14890705695728     97.57222941928443    102.97684615933736      c
  114.74228106268338     95.20440257477871    102.10568241207707      c
  115.09565984953299     92.86870107453205    103.50974892881111      c
  115.43581055345240     92.90649559718977    106.41236826892346      c
  116.33532019270596     90.29489408154180    107.35723133536628      c
  114.81031120346726     88.11981930259043    106.25930045215972      c
  115.20148451297459     88.07446587540117    103.41148316990106      c
  115.12778519379205     90.64071396385988    102.16615364832941      c
  114.99928381675582     90.42906463697669     99.32778499673518      c
  116.15957566234761     88.81901797175811     98.70039592061714      h
  113.05097617375071     89.97553036508413     98.74008016940775      h
  115.60210645314633     92.10525171684625     98.27142808845211      h
  117.04774694480386     87.19763294974224    102.94472081507830      h
  113.79930772237343     86.84425416289263    102.47039955572401      h
  115.36967013880141     86.30001303662155    107.09644912902806      h
  112.78641451514673     88.34091726013804    106.69771691498920      h
  118.33654016743186     90.07001667172841    106.80354157843078      h
  116.29563594391537     90.28544545087738    109.43781980767336      h
  112.94515151030913     93.57923810049707    107.77486081073400      c
  111.47872403118986     92.14115651337109    107.43848955908037      h
  113.27774330969700     93.68884221620442    109.82899311718070      h
  112.16280489129447     95.40093409259882    107.16825872207771      h
  117.53529628708836     94.79433200394251    107.17014844821061      c
  117.99449973737956     94.53354979760429    109.18459650586669      h
  119.27195460321026     94.42961486029559    106.07977646953557      h
  117.00995242214614     96.78043416960533    106.89991761120795      h
  114.91046668851020     95.01542996149014    100.06099873629482      h
  113.86355841089154     97.88214450507766    104.99129421699345      h
  114.30764405211967     99.75297337663444     98.62858632756749      c
  114.52685228353441     97.83490135175552     97.88403423121055      h
  112.73161245729305    100.65437274202091     97.61380339420791      h
  116.03863318984293    100.81122001105041     98.15615479434608      h
  113.03207891242187    102.01686528383145    104.71728392772503      h
  113.50828989790905    104.45650172138683     99.40526376818349      h
  112.65791313811050    106.75062924670999    104.69838666639619      h
  113.38734742540437    109.16003006613919     98.56811509131515      c
  115.36211123426986    108.72539305557548     98.06922739223334      h
  112.17225352195891    107.76352245393670     97.62892120327098      h
  112.91491589218296    111.01574112863288     97.79143765069915      h
  112.74484054022325    111.18392675445970    104.84956475702704      h
  113.16058028945808    114.11300226043245     99.77376036409619      h
  111.83210281803949    119.48171420396056    103.96706265296945      h
  110.78519454042083    118.30630454930569    101.01720015953495      h
  116.27484895645364    119.83509299081018    102.16237419606364      h
  113.91080156421370    121.77017255088508    100.79043302358866      h
  113.51206935017481    118.09654494855539     97.37758762759719      h
  116.61877911263882    117.28963188981322     98.40370891775410      h
  117.79607849342658    121.98938078229982     97.76876093710453      h
  114.65157420830487    122.49582738591317     96.71429375495434      h
  120.38689302161279    113.03963781695340    114.36811528837201      o
  118.60488127830162    112.89979808311988    113.68592415440030      h
  120.03729368702895    114.05631047644589    115.85721948108589      h
  107.70954214100381    113.65113130999343    115.11488502595378      h
  105.34171085248155    115.12257168958153    104.51198724566629      h
  123.18083386275434    114.25182962160234    103.83450203826177      h
  116.77323413603494    120.73063450397264     94.80034300724203      h
$user-defined bonds
$end
