$coord
  227.74223463084618    224.33127896098759    235.74522480361688      c
  227.65530722873345    225.67298451533642    234.16163430425871      h
  227.01846952195098    225.34417216821430    237.41196325282201      h
  230.44076354860690    223.45822548759443    236.26489949016042      c
  231.43098004223896    224.83394611233518    237.46298585840992      h
  230.45777108380287    221.70833908854232    237.36094064723409      h
  232.24167255324690    223.10673642687772    234.09360416347482      c
  234.46021103325464    222.55115694380933    234.34493773914863      o
  231.23066907215306    223.54704261584007    231.80892526881610      o
  232.58560270943207    223.36562890708305    230.57304437790887      h
  225.91864891261153    224.42576526763187    225.39330504766932      c
  226.57438388072285    222.51525214728449    225.90164137741556      h
  227.02413870034962    225.03047763015530    223.74546385979303      h
  226.49501538314163    226.20021810641151    227.52869557783012      c
  225.12118448453381    227.60428462314553    228.67953879275746      o
  229.01591004441110    226.06982700324238    228.07860588249983      o
  229.28992033367950    227.23767775336572    229.47889294696810      h
  241.46164635559595    223.75680221659036    226.15864413148802      c
  243.23420946824268    224.24435155887488    227.12240445925968      h
  240.16907368070218    225.38385641700489    226.42509551622490      h
  240.14450724097463    221.55149181951282    227.36050995200327      c
  238.64217496533058    220.17577119477207    226.32116057891616      o
  240.58859288220276    221.26236372118132    229.87384570874119      o
  241.75266418006035    222.56249530060666    230.47477861899884      h
  234.84004598596468    230.32737998063374    217.03126690965036      c
  233.89329319338896    228.03325245531059    218.51659165009846      c
  233.08638013464676    228.94599017749434    221.15086987934106      c
  230.89618754663232    227.48901132903953    222.30738227266707      c
  231.48389237395975    224.92465296671369    223.24279670844547      n
  231.39696497184701    224.74512898408958    225.15519955492576      h
  231.51412799208592    222.80815969788176    221.88030416663491      c
  231.48767182622552    220.38553079552239    222.90831518292470      c
  231.56515059767383    218.09896217473073    221.53826373658262      c
  231.52735607501614    215.78026820968009    222.84595422053948      c
  231.83160198241072    213.43889753103474    221.68377264881482      c
  231.99789788210464    211.11453438758539    222.94610970558242      c
  232.57048490036900    208.82796576679380    221.74424388506714      c
  232.88417943842802    206.64155263104507    223.29381931403339      c
  233.43975892149641    204.24726962067896    222.43399392357040      c
  233.80636579127619    201.95125236922291    223.85884742776619      c
  234.20320827918221    202.01928251000680    226.75579758947987      c
  235.09704874003711    199.40579126822595    227.70255038205559      c
  233.52290687134337    197.23638566767326    226.66320100896846      c
  233.83093223100371    197.15890689622492    223.80404536991250      c
  233.76668154248560    199.70247827108901    222.52848023021471      c
  233.55503221560241    199.47382140900984    219.69956020928490      c
  234.61138912388549    197.79952405527317    219.06083277636952      h
  231.56893004993961    199.11666316989445    219.17799579660843      h
  234.20698773144795    201.10654478782305    218.60162932607832      h
  235.65640767537124    196.26695616150292    223.29003986176761      h
  232.39474037001062    195.93814381438082    222.90642545679182      h
  234.09738361574060    195.41657940170435    227.48901132903953      h
  231.51412799208592    197.46882198201817    227.16019898191740      h
  237.08126117956704    199.15067824028640    227.09972774566506      h
  235.11027682296731    199.41146044662463    229.78124912822980      h
  231.73711567576643    202.71848117917449    228.15419492781524      c
  230.24990120918542    201.29929685337737    227.83861066362334      h
  232.09994309328047    202.82430584261610    230.20265805586328      h
  230.96232796128331    204.55151552807357    227.56271064822207      h
  236.32915017867856    203.89956001222802    227.46255516317910      c
  236.82047897322880    203.65767506721866    229.47133404243655      h
  238.04502150733870    203.51594560725223    226.34761674477659      h
  235.80758576600212    205.88944163015660    227.18854487391070      h
  233.55314248946954    204.02806138926425    220.38931024778813      h
  232.64229449341863    206.96469579976855    225.31015709782235      h
  232.94087122241459    208.74859726921258    218.91910331640310      c
  233.17141781062662    206.82674579206787    218.18588957684349      h
  231.33649373559470    209.62354046873864    217.93077654890391      h
  234.64918364654321    209.82574116495738    218.40698753439108      h
  231.77679992455703    211.09185767399077    225.00213173816201      h
  232.04514103542681    213.40677218677570    219.63341979463388      h
  231.33838346172755    215.82940108913510    224.90197625311907      h
  231.78435882908857    218.12352861445825    218.70556426338703      c
  233.78368907768157    217.94967381023278    218.15187450645155      h
  230.74878890826724    216.55883537642893    217.82873133772810      h
  231.03980673273162    219.87719446577614    217.90432038304354      h
  231.38184716278391    220.24758078782170    224.97000639390296      h
  231.53680470568057    223.09161861781462    219.83751021698552      h
  230.16864298547134    228.51702234532931    223.95711318667625      h
  229.34094293926742    227.35673049973749    220.92410274339480      h
  234.71532406119422    228.95543880815876    222.45667063716502      h
  232.43253489266837    230.91697453409407    220.98835343191288      h
  232.23033419644960    227.23200857496704    217.53393406099795      h
  235.30491861465453    226.50446401380609    218.68855672819106      h
  236.42741593758859    231.20043345402692    218.07250600887033      h
  233.28102192633401    231.70121087924161    217.01236964832148      h
  239.36782980035866    221.93321649835570    234.88917886541969      o
  238.01100643694679    221.59495552056919    233.69487194943596      h
  238.43241536458027    222.82894668534351    236.18742071871213      h
  226.31985454313593    222.87181633840223    235.44591577212481      h
  223.93111876340760    224.36382327111198    224.85602555611621      h
  241.82438745905827    223.50222391488768    224.14707983046947      h
  235.40852215703774    229.95590050250678    215.08662812642513      h
$user-defined bonds
$end
