$coord
  454.84007265037837    453.98024725991536    467.95666173873764      c
  454.73235826080384    455.22935623375281    466.29748219406400      h
  454.20512466972878    455.09140622605219    469.59316456981657      h
  457.54993992493638    453.11097323878801    468.42342409356036      c
  458.57984066735901    454.66621784615285    469.35127962480720      h
  457.58773444759413    451.56328753595466    469.79158581376959      h
  459.37352564317104    452.44578964001226    466.31071027699420      c
  461.45033466321235    451.55572863142311    466.78314181021562      o
  458.65542971267450    453.05806090706716    463.97311905061468      o
  460.09540102593337    452.76515335646991    462.83550391861752      h
  452.95601569589132    454.25992672758247    457.85418583233098      c
  453.64765546052752    452.44012046161356    458.56661258442887      h
  454.06528493589525    454.80605757998643    456.17799875246141      h
  453.42466777684700    456.25925697617549    459.85351608092395      c
  454.68889455974750    455.94178298585069    461.72434495248075      o
  452.41366429575322    458.55527422763157    459.27525988426100      o
  453.02026638440952    459.70611744255888    460.58484009435068      h
  468.21744394507584    453.21490817609669    458.52314888337247      c
  469.68009197192936    452.21902250406600    459.61163113591465      h
  468.10595010323561    455.18022335429777    459.18644275601537      h
  465.67387257021176    451.85241563428616    458.83873314756437      c
  465.59639379876347    449.53750112150124    458.31527900875506      o
  463.76146972373147    453.13931913078130    459.59840305298439      o
  461.90386893510492    460.01792225448503    449.46758125458450      c
  461.02703600944596    457.75592007342095    451.06251011073999      c
  460.80782777803120    458.62330436841546    453.82339999088589      c
  459.18833248214821    456.91310221815394    455.49391789235682      c
  460.19366678484340    454.37142056942275    455.90209873706004      n
  461.57505658798277    454.10874863695165    457.28348854019953      h
  459.37919482156968    452.36075196403237    454.68511510748175      c
  460.06705513394002    449.87198264702204    455.29360692227095      c
  459.21289892187571    447.72714348619678    454.03504931776905      c
  459.65131538470519    445.32530157129918    455.16321581910182      c
  459.25825234906500    443.04251240277330    453.98780616444697      c
  459.58139551778839    440.68602391506488    455.22368705535416      c
  459.83083936732930    438.38055803294441    454.02371096097175      c
  460.19555651097630    436.18847571879706    455.59407337739975      c
  460.63586269993863    433.78474407776656    454.76448360506294      c
  461.00057984358557    431.49439600470913    456.24035971484659      c
  461.43899630641499    431.64368436920711    459.12597151976303      c
  462.31204977980821    429.05286984102082    460.14642363152126      c
  460.71334147138697    426.86834643140509    459.18455302988247      c
  460.98735176065532    426.70205053171111    456.32539739082648      c
  460.90609353694128    429.22105546684764    454.98936101487635      c
  460.59995790341378    428.92058901171885    452.16799989847806      c
  461.59584357544452    427.20471768305873    451.54061082236001      h
  458.59117902415636    428.61823283045715    451.69745809138954      h
  461.27647985898687    430.50795896334279    451.02093613581644      h
  462.79959912209267    425.77608472659716    455.81895078721311      h
  459.52470373380186    425.46427991467101    455.49580761848972      h
  461.27647985898687    425.07121687903077    460.06894486007292      h
  458.71023177052814    427.14046699454059    459.68533045509713      h
  464.29059304093948    428.76752119495512    459.54549072126366      h
  462.32716758887125    429.12656916020342    462.22512237769541      h
  458.98802151206235    432.41091317915868    460.52247913196550      c
  457.49324814094979    430.98794940109576    460.26169692562729      h
  459.37163591703813    432.57909880498551    462.56338335548196      h
  458.22268242824367    434.22505026672889    459.87052361611995      h
  463.58761491950600    433.51829269302965    459.78170648787432      c
  464.09595124925227    433.30475364001353    461.79048536713174      h
  465.29025816523597    433.10822212219347    458.65542971267450      h
  463.08494776815843    435.50817431095828    459.48690921114417      h
  460.66420859193192    433.52396187142830    452.72168965541351      h
  460.09729075206627    436.57964902830435    457.61041116118872      h
  459.90453868651190    438.22749021618068    451.18156285711177      c
  459.81194210600052    436.28296202544135    450.48425391407693      h
  458.34929407914700    439.29707520739396    450.31228883598436      h
  461.68466070369016    439.06463889304899    450.50315117540578      h
  459.77414758334277    440.72759788998837    457.28348854019953      h
  458.73479821025569    443.02172541531155    451.99036564198678      h
  460.38830857653062    445.31018376223608    457.09073647464515      h
  457.85229610619808    447.83296814963842    451.54250054849291      c
  458.99747014272674    446.88999480932847    450.07985252163940      h
  456.03248984022923    446.83330302534188    451.62186904607410      h
  457.52348375907593    449.77560661424485    450.91700119850776      h
  461.34450999977076    449.61497989294952    456.89798440909084      h
  457.99591529229735    452.73302801221087    453.19223146250204      h
  458.92944000194285    457.75403034728805    457.37986457297666      h
  457.29860634926257    456.72035015259956    454.63787195415961      h
  462.71456144611284    458.82739479076702    454.64165140642541      h
  459.91965649557494    460.51114077516820    453.87253287034093      h
  459.15620713788917    457.10963373597400    450.38598815516690      h
  462.31771895820685    456.12130696847481    450.96991353022855      h
  463.54226149231675    460.88719627561238    450.43512103462194      h
  460.35618323227158    461.40876068828885    449.50159632497645      h
  465.72678490193255    452.68200540662298    464.23768070921864      o
  465.00679924530311    453.30939448274097    462.64086212693030      h
  464.24712933988309    452.08674167476397    465.16931569273129      h
  453.36591255032369    452.55215466298745    467.78292144123122      h
  450.98604832674653    454.09201675719225    457.27641687909852      h
  468.75590368101541    453.11640944391263    456.53741444254177      h
  462.42681352965923    459.64379433976404    447.51071145528152      h
$user-defined bonds
$end
