$coord
  100.24997134958338    116.48649828333683    115.77785098350471      c
  100.90570631769469    114.51551392673709    115.71926947338524      h
  100.92271385289067    117.41246408845079    114.03930294124991      h
  101.46695497916173    117.85277027741314    117.95859494085474      c
  100.54476862631354    119.40234570637938    119.35321282692433      o
  103.94627566550770    117.18569695250451    118.15701618480773      o
  104.62657707334652    118.29496619250837    119.46470666876461      h
  115.14290300285512    115.04841669621085    112.17981242649044      c
  116.67736062275827    113.73127758158955    112.64846450744608      h
  115.52273795556513    116.86633323604684    113.10010905320576      h
  112.62578779385144    114.03552348898414    113.11333713613595      c
  111.07432263875234    115.30352972415041    114.26795980332908      o
  112.07398776304885    111.62423294342207    112.59366244959240      o
  113.54986387283253    110.68125960311212    111.82454391350794      h
  107.04542652344016    123.38966784676808    106.26496963055837      c
  106.41803744732212    120.93302387401674    107.67092587342529      c
  106.94338131226432    121.36955061071332    110.49417671595644      c
  105.32010656411555    119.76517312389342    112.25162201954011      c
  106.00796687648594    117.07231338453137    112.27051928086895      n
  107.50651969986424    116.54319006732338    113.37978852087282      h
  104.95538942046862    115.32431671161216    110.86456303800203      c
  105.50907917740412    112.72594327889439    111.09510962621408      c
  104.47917843498143    110.83432741987586    109.59277735056999      c
  104.94405106367131    108.26241015301851    110.29764519813634      c
  104.37524349767273    106.20260866817316    108.82176908835265      c
  104.86090311382435    103.66281674557484    109.54553419724786      c
  104.81554968663509    101.62380224819124    107.91659027070042      c
  105.42782095369003     99.15959937090835    108.92948347792714      c
  105.46183602408198     96.93539171250195    107.60667518490717      c
  105.98906961515708     94.38048198084057    108.49295674123054      c
  107.26274502872201     93.93072716121380    111.08755072168253      c
  108.05643000453396     91.13204275841015    111.36534046321673      c
  105.99284906742284     89.29711868337819    110.56409658287322      c
  105.48073328541084     89.67128445768954    107.75785327553804      c
  105.30498875505248     92.40382844584219    106.95094021679586      c
  104.21839622864323     92.65516202151598    104.33177979661636      c
  104.94216133753842     91.11125577094840    103.13747288063264      h
  102.15103583926633     92.38871063677909    104.39603048513447      h
  104.59256200295458     94.44473266935869    103.36046056431314      h
  106.98684501332070     88.76232618777155    106.62212786967376      h
  103.73462633862449     88.69807549925343    107.15881009141329      h
  106.55220800275698     87.32802405291135    110.94393153558323      h
  104.25241129903516     89.63537966116472    111.66202746607978      h
  109.73828626280219     90.81078931581959    110.17103354723299      h
  108.65169373639294     90.79945095902227    113.33065564141781      h
  105.48262301154372     94.58457240319221    113.31175838008895      c
  103.81777428847147     93.33546342935480    113.34577345048088      h
  106.49362649263753     94.32945937525265    115.11644683699474      h
  104.78531406850892     96.53665949846308    113.25317686996948      h
  109.72694790600487     95.48408204244578    111.28786169176841      c
  110.76440755295909     94.91716420258010    113.00373302042858      h
  110.96282879691209     95.09479845907134    109.65891776522101      h
  109.41136364181298     97.53065544436093    111.38423772454559      h
  104.94027161140554     97.06389308953817    105.61868329311149      h
  105.88513467784836     99.16337882317413    110.93826235718458      h
  104.24863184676938    102.00363720090125    105.14814148602296      c
  104.02942361535466    100.22351518372298    104.11446129133451      h
  102.51575298291327    103.12046534543667    104.88357982741897      h
  105.81143535866583    103.06377356145011    104.27319828649691      h
  105.43537985822158    103.32833522005409    111.50706992318315      h
  103.57210989119633    106.52764156302948    106.94905049066298      h
  105.86812714265240    107.94493616269371    112.12123091637099      h
  102.95416944574274    111.38612745067847    107.25707585032335      c
  103.98218046203252    110.70204659057387    105.57710931818801      h
  101.13058372750808    110.39024177864773    107.30809845591125      h
  102.61401874182332    113.40624468673322    106.95471966906163      h
  106.79220322163347    112.17792270035756    112.62011861545278      h
  103.51163865494401    115.99516948878654    109.54742392338073      h
  105.46372575021486    120.39823137841010    114.22449610227271      h
  103.32455576778831    119.91257176225849    111.68281445354152      h
  108.96538827445195    121.05774579878721    110.91936509585571      h
  106.51252375396639    123.34620414571172    110.96660824917785      h
  104.39225103286870    120.50405604185170    107.39880531028976      h
  107.49140189080116    119.27573405547604    106.99440391785224      h
  108.92948347792714    124.04351308874652    106.89802788507507      h
  105.65647781576921    124.79751381576789    106.90180733734084      h
   98.19182125448664    116.56499269549630    115.80312884504760      h
  115.05900077953667    115.24112961539541    110.13076281638513      h
  107.01456089369184    123.31390675556767    104.20679331961426      h
$user-defined bonds
$end
