$coord
  109.11089718668416    115.12211601539339    115.37155986493430      c
  109.06176430722913    116.38445307216099    113.71615977252647      h
  108.37768344712453    116.20681881566975    116.98538598241863      h
  111.80564665217908    114.22638582840558    115.92524962186978      c
  112.76373780155210    115.61722426220943    117.13089489465082      h
  111.78296993858446    112.46894052482195    117.01751132667769      h
  113.56687140802850    114.05253102418011    113.67080634533721      c
  114.19992966254520    115.79485851870068    112.37634394431055      o
  114.65913311283640    111.71493979780057    113.25884604836814      o
  113.79174881784189    110.35811643438868    114.18481185348210      h
  107.33455462177164    115.17691807324707    105.00452229992366      c
  108.04698137386954    113.21916179957753    105.06121408391022      h
  108.30965330634064    116.09532497382949    103.42093180056548      h
  108.17926220317153    116.44303458228045    107.42904092841593      c
  106.85456418401870    117.56553190521453    108.92948347792714      o
  110.66425206791615    116.17469347141068    107.87879574804272      o
  122.67535136853731    114.29630569532236    105.80954563253293      c
  124.21736789297199    115.17313862098131    106.88668952827776      h
  120.96892867054156    115.47927425450878    106.04765112527653      h
  122.08008763667833    111.76029322498982    106.94149158613143      c
  122.45614313712257    111.24250826457916    109.14302253094321      o
  120.94247250468116    109.95560476808404    105.52419698646720      o
  120.72704372553221    110.31843218559808    103.71950852956142      h
  116.19737018500531    121.07664306011604     96.75586772987782      c
  115.25061739242960    118.77873608252710     98.26386918392056      c
  114.47205022568073    119.65934846045181    100.92838303128931      c
  112.27429873313471    118.21559769492718    102.14536666086767      c
  112.83365766846887    115.70226193818927    103.20172356915076      n
  111.62045349115630    115.71360029498659    106.29709497481743      h
  112.69003848236957    113.77096183038014    101.71639882870264      c
  112.87901109565813    111.21605209871876    102.65559271674680      c
  112.65413368584473    109.01830060617276    101.29876935333490      c
  112.79775287194404    106.60512033447779    102.56677558850117      c
  112.93381315351181    104.33744897501502    101.34790223278993      c
  113.20971316891311    101.94883514304756    102.58756257596292      c
  113.77285155651305     99.70950967557809    101.39514538611208      c
  114.16591459215326     97.48530201717169    102.94661054121119      c
  114.79141394213839     95.13637243399482    102.09245432914688      c
  115.17691807324707     92.80445038601394    103.52108728560842      c
  115.56053247822285     92.88948806199380    106.41614772118923      c
  116.48460855720393     90.29867353380757    107.39313613189110      c
  114.95204066343368     88.10092204126158    106.35000730653823      c
  115.30352972415041     88.01021518688306    103.49652084588091      c
  115.18825643004438     90.56323519241157    102.22095570618310      c
  114.97849682929409     90.31757079513643     99.38825623298753      c
  116.10099415222815     88.68673714245612     98.74385962167352      h
  113.00940219882723     89.89238241523717     98.84779455898223      h
  115.57942973955171     91.97486061367714     98.29977398044539      h
  117.14790242984679     87.13149253509124    103.02219958652663      h
  113.89190430288483     86.75732676077988    102.60457011115888      h
  115.52840713396380     86.29623358435578    107.21172242313409      h
  112.93381315351181     88.32579945107497    106.80921075682944      h
  118.47826962739829     90.07001667172841    106.81299020909522      h
  116.47327020040662     90.32135024740221    109.47372460419820      h
  113.08121179187690     93.56789974369974    107.80887588112594      c
  111.61856376502341     92.12225925204223    107.50274024759847      h
  113.44025975712516     93.69829084686884    109.85922873530687      h
  112.28374736379915     95.38014710513707    107.19282516180522      h
  117.65434903346015     94.80000118234118    107.12857447328712      c
  118.12300111441580     94.59213130772375    109.14680198320899      h
  119.38722789731628     94.41449705123252    106.03820249461209      h
  117.12144626398640     96.77665471733957    106.80543130456367      h
  114.95582011569945     94.93417173777607    100.05155010563038      h
  113.91080156421370     97.82167326882532    104.96105859886728      h
  114.11678171269823     99.59234665533917     98.56433563904939      c
  113.96182416980160     97.65726709526427     97.83490135175552      h
  112.71271519596419    100.75830767932962     97.57600887155019      h
  116.00650784558387    100.30666313356994     98.05221985703737      h
  113.06987343507959    101.93938651238314    104.65303323920693      h
  112.92058507058162    104.32800034435058     99.28432129567881      h
  112.86200356046216    106.62779704807241    104.63224625174519      h
  112.26296037633740    108.99373416644525     98.48307741533530      c
  113.84088169729692    108.04698137386954     97.50986845689920      h
  110.53197123861416    107.94304643656083     97.99552807305081      h
  112.10044392890924    110.90613701292551     97.73285614057970      h
  113.15113165879366    111.07999181715100    104.69649694026329      h
  112.30642407739377    114.04497211964858     99.69061241424922      h
  111.55053362423952    119.35321282692433    103.73084688635873      h
  110.73606166096580    118.08142713949231    100.73563096573498      h
  116.12178113968989    119.65745873431894    102.20772762325289      h
  113.82765361436672    121.63600199545020    100.79043302358866      h
  113.57632003869293    117.98505110671515     97.30199858228177      h
  116.65846336142941    117.24427846262397     98.40370891775410      h
  117.78474013662925    121.95536571190787     97.79521710296493      h
  114.63834612537467    122.45425341098968     96.74452937308051      h
  119.94280738038465    112.28185763766626    113.47994400591577      o
  120.29051698883562    112.34232887391860    111.68092472740862      h
  118.10977303148559    112.11178228570655    113.54986387283253      h
  107.69342156971355    113.64910497313102    115.11900590705987      h
  105.33107236154440    115.12746587602999    104.52871196994306      h
  123.15336661773927    114.20043634172197    103.80827287612472      h
  116.77063555796806    120.72322217484290     94.80927001925919      h
$user-defined bonds
$end
