$coord
  227.74223463084618    224.34639677005066    235.68097411509876      c
  227.61184352767708    225.68432287213372    234.09171443734195      h
  227.08083048433619    225.37062833407469    237.36283037336699      h
  230.46721971446729    223.47145357052463    236.07592687687188      c
  231.54436361021212    225.00402146429488    236.98866459905565      h
  230.51635259392231    221.86707608370472    237.37794818243006      h
  231.99033897757309    223.00469121570188    233.70054112783461      c
  232.38529173934620    224.58639198892718    232.10372254554625      o
  233.14874109703200    220.70678423811293    233.44920755216083      o
  232.33615885989119    219.38964512349165    234.50367473431101      h
  225.95077425687060    224.34639677005066    225.31960572848678      c
  226.65564210443694    222.39053022251403    225.38574614313779      h
  226.95610855956573    225.28559065809483    223.76436112112191      h
  226.74445923268257    225.63707971881158    227.71955791725156      c
  225.64274889721023    227.16208870805031    229.00268196148093      o
  229.12929361238423    224.83394611233518    228.28458603098434      o
  229.78313885436268    225.71077903799412    229.77935940209690      h
  241.28968127750338    223.53570425904275    226.12084960883030      c
  242.99988342776487    223.56216042490314    227.30003871575093      h
  240.25411135668202    225.30637764555661    226.51958182286918      h
  239.53790515231836    221.41921099021081    226.84650444385838      c
  238.19808932410245    220.14931502891167    225.47834272364918      o
  239.47554418993312    221.06961165562697    229.38440664032382      o
  238.20375850250110    219.76759035006879    229.70943953518014      h
  234.84193571209752    230.32171080223509    217.04071554031478      c
  233.89329319338896    228.03325245531059    218.54115808982598      c
  233.21866096394879    228.93276209456414    221.21890002012492      c
  231.02657864980145    227.54003393462742    222.45100145876637      c
  231.50845881368727    224.91142488378350    223.27303232657164      n
  231.32326565266447    224.61284815478754    225.16842763785593      h
  231.50089990915572    222.87052066026700    221.80849457358528      c
  231.24578688121616    220.42143559204720    222.76091654455962      c
  231.39129579344836    218.15565395871732    221.37952674142022      c
  231.17019783590072    215.81806273233778    222.64942270271936      c
  231.59160676353423    213.49180986275553    221.50424866619068      c
  231.70688005764026    211.16177754090756    222.77225490135694      c
  232.40229927454217    208.89032672917901    221.61763223416384      c
  232.71977326486697    206.71714167636051    223.19366382899042      c
  233.35661097164942    204.33230729665883    222.36974323505231      c
  233.74400482889098    202.05140785426588    223.81727345284270      c
  234.10494252027215    202.13833525637861    226.71800306682218      c
  235.03279805151899    199.54374127592661    227.68554284685962      c
  233.49078152708432    197.34976923564639    226.64619347377251      c
  233.83849113553526    197.25717265513498    223.79081728698230      c
  233.76668154248560    199.79318512546752    222.50013433822141      c
  233.62306235638630    199.54374127592661    219.66932459115873      c
  234.69642679986535    197.86566446992416    219.06650195476820      h
  231.65207799978657    199.18469331067834    219.09295812062857      h
  234.30525349035804    201.17268520247404    218.58273206474945      h
  235.67719466283302    196.37089109881163    223.30704739696358      h
  232.42497598813679    196.01562258582914    222.88374874319717      h
  234.06903772374733    195.54508077874058    227.49657023357105      h
  231.47444374329532    197.57275691932688    227.10728665019661      h
  237.02645912171334    199.31508441384744    227.10161747179797      h
  235.02901859925322    199.56074881112258    229.76613131916670      h
  231.61428347712885    202.80162912902145    228.09372369156290      c
  230.14407654574384    201.37299617255991    227.74601408311196      h
  231.95443418104830    202.88288735273557    230.14785599800962      h
  230.83571631037998    204.63655320405343    227.51735722103280      h
  236.18364126644636    204.06396618578907    227.43798872345161      c
  236.62961663380736    203.86932439410185    229.46188541177213      h
  237.93163793936557    203.68791068534483    226.36840373223833      h
  235.64128986630817    206.04061972078745    227.10728665019661      h
  233.51912741907759    204.10176070844679    220.33072873766866      h
  232.40985817907372    207.05162320188126    225.20244270824787      h
  232.90874587815554    208.80528905319915    218.81327865296151      c
  233.20165342875282    206.88532730218733    218.09896217473073      h
  231.34216291399335    209.65755553913058    217.75125256627979      h
  234.62650693294859    209.89944048413994    218.37486219013203      h
  231.35917044918932    211.14477000571159    224.81315912487344      h
  231.97900062077579    213.48047150595823    219.48035197787016      h
  230.75823753893167    215.84640862433108    224.67520911717278      h
  231.89774239706171    218.19722793364082    218.58462179088235      c
  233.92730826378090    217.90809983530929    218.21612519496964      h
  230.85272384557595    216.70812374092694    217.58873611885161      h
  231.34405264012622    220.00758556894525    217.75692174467844      h
  230.88295946370212    220.28159585821365    224.78859268514591      h
  231.68042389177984    223.22389944711662    219.78459788526476      h
  230.43509437020822    228.54725796345545    224.17065223969232      h
  229.39574499712114    227.54381338689319    221.14898015320819      h
  234.89862749608412    228.87607031057757    222.45667063716502      h
  232.61772805369114    230.92642316475849    221.10362672601892      h
  232.17175268633014    227.28681063282076    217.61519228471201      h
  235.27468299652836    226.47233866954701    218.64320330100179      h
  236.43497484212014    231.19287454949537    218.07628546113611      h
  233.28480137859978    231.70121087924161    217.02937718351745      h
  238.36438522379638    221.47023359579873    234.19186992238488      o
  238.34926741473330    222.38108159184961    232.59694106622939      h
  236.58426320661809    221.09417809535449    234.42430623672982      h
  226.32087775842879    222.87739665051313    235.42687679712472      h
  223.94836869321051    224.34103198622307    224.83677518400077      h
  241.77583190816077    223.43475494775868    224.12178758932370      h
  235.40749406773079    229.95543107315251    215.09424050492188      h
$user-defined bonds
$end
