$coord
  112.35177750458304    111.21983155098452    111.49573156638583      c
  112.93192342737893    109.23939856372039    111.18392675445970      h
  112.97538712843530    112.31020352965956    109.83277256944648      h
  113.75773374744995    112.21004804461661    113.78418991331036      c
  112.91302616605006    113.30230974942451    115.58698864408325      o
  116.29185649164960    111.72060897619923    113.66702689307144      o
  116.71137569315022    111.12534524434025    111.97761173027168      h
  127.30707012024000    109.90269243636324    107.97895123308565      c
  127.19746600453266    107.90714164003599    108.49106701509767      h
  129.13443529074041    110.69826713830810    108.56854578654597      h
  125.18490767300945    111.28219251336975    109.30931843063715      c
  123.20069523347949    110.30520410266789    110.02174518273503      o
  125.68001591982548    113.72182895092513    109.70805064467602      o
  124.18713227484581    114.51362420060421    110.44693356263430      h
  119.15479158297136    118.13811892347887    102.04899062809051      c
  118.53307168525198    115.67958522459466    103.45683659709032      c
  119.08487171605459    116.10666333062682    106.28008743962147      c
  117.46537642017158    114.52685228353441    108.06587863519840      c
  118.16457508933928    111.83021309190659    108.15847521570979      n
  119.85021079987327    111.39179662907712    109.02019033230565      h
  117.12333599011929    110.04064244406389    106.73929088991268      c
  117.81875520702120    107.49518134306693    106.86779226694890      c
  116.77562638166833    105.56199150912491    105.39758533556387      c
  117.39545655325482    103.02408931265950    106.02686413781478      c
  116.74917021580792    100.95672892328261    104.58122364615727      c
  117.27640380688302     98.42638563134874    105.27097368466053      c
  117.05908530160117     96.37792250330068    103.65903729330907      c
  117.65056958119439     93.91182989988492    104.66248186987134      c
  117.58820861880915     91.67250443241545    103.36424001657892      c
  118.11355248375136     89.12704333141848    104.26374965583248      c
  119.38911762344917     88.68106796405746    106.86023336241736      c
  120.14689780273632     85.87860410898806    107.16258954367906      c
  118.06630933042922     84.05690811688631    106.37457374626574      c
  117.56364217908164     84.41595608213457    103.56455098666480      c
  117.40301545778637     87.14094116575566    102.73685094046088      c
  116.31264347911134     87.38471583689791    100.11958024641427      c
  117.00995242214614     85.81813287273572     98.93850141336074      h
  114.24150363746868     87.15038979642010    100.19516929172970      h
  116.71137569315022     89.15727894954465     99.13125347891507      h
  119.07164363312438     83.49188000315350    102.44205366373072      h
  115.81753523229530     83.44463684983134    102.96361807640716      h
  118.60299155216875     82.08781348641946    106.77141623417172      h
  116.32776128817443     84.42351498666611    107.46683545107365      h
  121.82686433487166     85.52711504827133    105.97584153222687      h
  120.73838208232952     85.55546094026461    109.13357390027878      h
  117.61277505853667     89.38215635935804    109.07499239015932      c
  115.95359551386306     88.12926793325487    109.14302253094321      h
  118.62755799189625     89.17428648474062    110.88346029933089      h
  116.90790721097032     91.33046400236313    108.96727800058484      h
  121.87410748819379     90.20229750103040    107.05865460637034      c
  122.91534658741378     89.60514404303855    108.76129785210031      h
  123.09865002230370     89.82624200058616    105.42026204915850      h
  121.58497938986230     92.25076062907844    107.19093543567234      h
  116.99294488695017     91.78588800038858    101.39514538611208      h
  118.19481070746544     93.92127853054936    106.64858403553416      h
  116.28618731325095     96.76531636054226    100.94350084035241      c
  116.23138525539726     95.00220187855994     99.86068776620894      h
  114.40968926329550     97.65537736913139    100.82255836784773      h
  117.63356204599842     98.04655067863871    100.01375558297266      h
  117.99638946351246     98.08812465356219    107.18337653114081      h
  115.80808660163088    101.27798236587317    102.77275573698570      h
  118.48582853192984    102.71606395299914    107.75974300167093      h
  115.06731395753970    106.08733537406714    103.18660576008766      c
  116.00650784558387    105.47506410701217    101.43105018263689      h
  113.28719194036142    105.02530928738540    103.33589412458564      h
  114.64023585150754    108.09800397945746    102.95416944574274      h
  119.27195460321026    106.98117583492204    108.24540261782253      h
  115.56998110888728    110.66803152018193    105.53175589099874      h
  117.58442916654337    115.22794067883498    110.01796573046927      h
  115.47171534997723    114.65346393443774    107.48573271240249      h
  121.11443758277375    115.78918934030203    106.67504020139457      h
  118.68047032361704    118.09087577015673    106.74873952057709      h
  116.49972636626703    115.26195574922693    103.21306192594807      h
  119.58942859353505    114.01851595378817    102.76330710632128      h
  121.04262798972410    118.79007443932441    102.67448997807566      h
  117.76773260143329    119.54596489247868    102.69149751327163      h
  110.29522182053329    111.31149973069992    111.56614335660201      h
  127.17913173278818    110.02410335506752    105.92671505885845      h
  119.11693709027264    118.06521397457763     99.99082783987880      h
$user-defined bonds
$end
