$coord
  568.18962555312498    567.39783030344597    581.35156806867349      c
  567.99120430917196    568.71118996580151    579.74908030798656      h
  567.62459743939223    568.42962077200150    583.05988049280211      h
  570.93161817194209    566.55501244817890    581.59534273981581      c
  572.08813056526810    568.13104404300555    582.33233593164118      h
  571.09602434550311    565.04890072026910    583.00318870881563      h
  572.26765454789222    565.72353294970924    579.20861863398125      c
  571.56845587872454    565.90305693233347    577.04488221182714      o
  574.56934097774695    564.66528631529332    579.75663921251805      o
  575.14948690054280    563.93396230186659    578.17115898702696      h
  566.30745832477101    567.62648716552508    571.20751818734334      c
  566.97264192354669    565.83691651768243    572.01443124608556      h
  567.40538920797746    568.00443239210222    569.48408795415173      h
  566.97264192354669    569.73731125595839    573.01598609651489      c
  568.79244818951554    569.63337631864965    574.40493480418593      o
  565.53833978868647    571.84057644186009    572.83457238775782      o
  566.29800969410655    573.08401623729878    573.96840806748935      h
  581.72195439071913    566.66650629001924    571.90671685651103      c
  583.44349489777790    566.81201520225136    573.05567034530554      h
  580.59567761551921    568.39371597547665    572.26198536949357      h
  580.09867964257035    564.48765205880204    572.71551964138609      c
  578.76453299275306    563.16295403964921    571.40215997903056      o
  580.16670978335424    564.12671436742096    575.26476019464883      o
  579.16326520679195    562.61493346111240    575.60113144630259      h
  575.22885539812410    573.38259296629474    562.81902388346407      c
  574.27454370101668    571.11681133296486    564.35537122950007      c
  573.68683887368934    572.04844631647745    567.05201042112787      c
  571.49664628567484    570.75398391545082    568.40316460614110      c
  571.92372439170708    568.14805157820160    569.32724068512209      n
  571.68750862509637    567.90049745479348    571.22452572253940      h
  571.98608535409232    566.08636036722328    567.87971046733185      c
  571.71396479095677    563.63349584673767    568.79433791564838      c
  571.91805521330843    561.39039092700250    567.36759468531977      c
  571.68183944669772    559.02634353476253    568.57890913649953      c
  572.09946892206540    556.71331874811051    567.39783030344597      c
  572.18450659804523    554.36816861719933    568.63560092048601      c
  572.83268266162509    552.08726917480647    567.45830153969825      c
  573.12747993835524    549.89896631292493    569.01732559932896      c
  573.74353065767593    547.51224220709025    568.17072829179619      c
  574.10635807518986    545.20677632496984    569.58613316532751      c
  574.41816288711607    545.23890166922888    572.49253195770564      c
  575.31578280023678    542.62163097518226    573.42983611961699      c
  573.77943545420067    540.45411510076235    572.32812578414462      c
  574.17060876370817    540.41254112583897    569.48030850188593      c
  574.14037314558186    542.96934058363320    568.23119952804848      c
  574.04966629120338    542.76147070901573    565.39661032872004      c
  575.15893553120725    541.10985006887381    564.78811851393084      h
  572.09568946979971    542.37218712564140    564.78622878779800      h
  574.71862934224487    544.41309134915787    564.34214314656981      h
  576.00553283874012    539.51681093885111    569.00787696866450      h
  572.76276279470835    539.20311640079217    568.52599680477863      h
  574.33501493726919    538.63052938252781    573.15582583034848      h
  571.75553876588026    540.67899251057588    572.76654224697404      h
  577.31511304882986    542.38919466083735    572.87614636268142      h
  575.27798827757897    542.60273371385335    575.51042459192399      h
  571.90860658264398    545.89274691120738    573.83423751205453      c
  570.43084074672731    544.49057012060621    573.42227721508539      h
  572.20529358550698    545.92109280320062    575.89781844916558      h
  571.16594421241984    547.74845797370097    573.28621693351761      h
  576.49686163329034    547.13429698051323    573.28243748125180      c
  576.90693220412652    546.90375039230116    575.31011362183801      h
  578.25997611527259    546.76580038460054    572.23930865589887      h
  575.97340749448097    549.11850942004310    572.98008129999016      h
  573.90415737897115    547.30437233247289    566.12793434214677      h
  572.82323403096063    550.22021975551536    571.02610447858638      h
  573.29566556418206    552.00979040335812    564.64638905396441      c
  573.59235256704505    550.09360810461203    563.92262394506929      h
  571.69695725576071    552.84693908022643    563.61648831154173      h
  574.99074990538043    553.12472882176075    564.17584724687583      h
  571.84624562025874    554.33415354680744    570.67650514400248      h
  572.49820113610429    556.72465710490781    565.37393361512534      h
  571.24531271000114    559.01689490409808    570.59902637255414      h
  572.49820113610429    561.50566422110853    564.58780754384497      c
  574.54666426415224    561.30157379875686    564.26466437512158      h
  571.54010998673130    560.00144221933147    563.52767118329621      h
  571.89726822584657    563.31224240414713    563.77522530670410      h
  571.28310723265884    563.45397186411356    570.80500652103876      h
  572.23930865589887    566.45296723700312    565.86526240967567      h
  570.98830995592868    571.84246616799294    570.09635922120663      h
  569.82612838420391    570.75398391545082    567.15027618003785      h
  575.40271020234957    571.97285727116207    568.23686870644713      h
  573.12559021222239    574.05155601733622    566.92350904409159      h
  572.52087784969888    570.38926677180393    563.47853830384111      h
  575.63325679056163    569.53511055973956    564.42907054868260      h
  576.82378425427953    574.25564643968789    563.84703489975379      h
  573.67739024302489    574.76587249556712    562.80579580053382      h
  579.73396249892335    564.85425892858188    580.20828375827773      o
  579.48829810164830    565.54967814548377    578.52831722614235      h
  578.15793090409670    565.23598360742483    581.06621942260779      h
  566.73945571761328    565.94634452434479    581.16996785333720      h
  564.33280950725577    567.46830077009622    570.64314130195714      h
  582.18026199526196    566.51947697179878    569.90393911642786      h
  575.79863628549560    573.02000512887639    560.87308915755114      h
$user-defined bonds
$end
