$coord
  109.15436088774052    115.10321875406453    115.29786054575175      c
  108.92570402566136    116.46382156974219    113.73694675998820      h
  108.55153825135000    116.10099415222815    117.02129077894345      h
  111.90391241108914    114.30197487372101    115.62289344060808      c
  112.94137205804336    115.87044756401610    116.52429280599453      h
  112.02107543132806    112.73917136182459    116.97215789948844      h
  113.65190908400837    113.61978373974929    113.43459057872651      c
  115.72493865178390    112.72783300502728    113.90135293354926      o
  113.03963781695340    114.07142828550896    111.04030756836039      o
  111.42959115173484    114.95959956796523    110.72661303030138      h
  107.27786283778508    115.35644205587120    105.18404628254780      c
  108.06398890906551    113.48183373204864    105.59789630564975      h
  108.33610947220104    116.18036264980934    103.59667633092384      h
  107.72005875288032    117.05341612320251    107.46116627267499      c
  109.44537871220491    116.61499966037304    108.93137320406002      o
  106.38591210306305    119.13778404777538    107.82210396405615      o
  104.86657229222301    119.40801488477803    106.74684979444422      h
  122.80952192397218    114.53630091419883    105.83789152452621      c
  124.59153366728334    114.96148929409812    106.82054911362675      h
  121.59253829439382    116.21437772020128    106.11379153992752      h
  121.42057321630124    112.41602819310114    107.10778748582538      c
  120.12044163687591    110.81543015854700    106.10812236152887      o
  121.56797185466633    112.47460970322059    109.66080749135388      o
  122.57330615736147    113.92213992101100    110.22394587895380      h
  116.19925991113821    121.08609169078046     96.74452937308051      c
  115.24494821403096    118.81086142678616     98.26953836231922      c
  114.51551392673709    119.74438613643167    100.92460357902354      c
  112.48594806001792    118.19481070746544    102.27008858563812      c
  113.24939741770372    115.67580577232889    103.17526740329035      n
  113.94292690847274    115.56998110888728    104.96483805113306      h
  112.94515151030913    113.52529743310502    101.89970226359254      c
  113.42514194806208    111.11778633980872    102.84078587776959      c
  113.10577823160440    108.83499717128286    101.49719059728790      c
  113.49695154111174    106.51819293236505    102.74818929725819      c
  113.50073099337750    104.18249143211840    101.54065429834426      c
  113.86166868475867    101.85812828866906    102.76330710632128      c
  114.22071665000693     99.56022131108011    101.51041868021809      c
  114.60055160271695     97.36624927079988    103.03731739558970      c
  115.00873244742024     94.95306899910491    102.15103583926633      c
  115.38100849559872     92.65138256925022    103.56455098666480      c
  115.89123455147784     92.70807435323677    106.44260388704963      c
  116.73972158514350     90.07379612399419    107.36479023989781      c
  115.07487286207125     87.94407477223206    106.38780182919595      c
  115.27707355829001     87.85525764398643    103.52108728560842      c
  115.21849204817055     90.40071874498341    102.24552214591061      c
  114.87456189198537     90.17206188290423     99.42794048177812      c
  115.85344002882013     88.46563918490850     98.75330825233794      h
  112.85633438206349     89.87915433230695     98.99897264961308      h
  115.53407631236246     91.78399827425569     98.30355343271117      h
  117.06475447999983     86.92551238660671    102.94283108894543      h
  113.78796936557612     86.66095072800272    102.68015915647430      h
  115.63045234513963     86.11481987559877    107.20227379246965      h
  113.09066042254132     88.23320287056357    106.95094021679586      h
  118.69558813268014     89.76199131206805    106.70149636725496      h
  116.82097980885759     90.08891393305727    109.44348898607203      h
  113.49128236271308     93.47719288932123    107.92225944909909      c
  111.96816309960724     92.08257500325163    107.67092587342529      h
  113.92969882554254     93.59246618342725    109.95560476808404      h
  112.73350218342593     95.31778614275184    107.33455462177164      h
  118.09465522242250     94.52221144080698    107.07944159383209      c
  118.65023470549089     94.25198060380434    109.06743348562779      h
  119.75761421936187     94.10080251317349    105.90025248691144      h
  117.62600314146685     96.52721086779866    106.84133610108849      h
  114.96904819862965     94.72819158929153    100.10635216348406      h
  114.53441118806596     97.70639997471930    105.06499353617599      h
  114.31331323051833     99.47140418283449     98.66449112409232      c
  114.52118310513575     97.55333215795555     97.91804930160249      h
  112.59933162799105    100.30288368130418     97.83301162562263      h
  115.93469825253422    100.59201177963568     97.99174862078503      h
  113.95615499140294    101.85623856253616    104.82877776956529      h
  113.26262550063392    104.14658663559358     99.49219117029624      h
  113.88245567222042    106.55787718115565    104.77586543784449      h
  112.39335147950652    108.80854100542246     98.74196989554063      c
  113.99583924019355    108.13957795438094     97.59301640674616      h
  110.80031234948393    107.52541696119310     98.38103220415947      h
  111.87178706683008    110.68125960311212     98.04844040477160      h
  114.12056116496400    110.98928496277247    104.78153461624315      h
  112.19870968781929    113.78041046104458     99.99296859551093      h
  111.80375692604620    119.23227035441965    103.94060648710904      h
  110.86456303800203    117.94347713179165    100.98507481527589      h
  116.21248799406840    119.90123340546117    102.13024885180459      h
  113.72749812932379    121.66623761357636    100.74885904866518      h
  113.54986387283253    118.02284562937285     97.33412392654083      h
  116.64523527849921    117.26884490235147     98.41882672681719      h
  117.79040931502792    121.96292461643942     97.77820956776895      h
  114.64401530377332    122.46370204165413     96.71618348108723      h
  120.61743960982484    113.38923715153726    114.86511326132094      o
  118.96581896968279    112.98483575909972    114.11300226043245      h
  120.15823615953363    114.54574954486327    116.21626744633419      h
  107.71071562821336    113.64770791706179    115.09746412616443      h
  105.31599622792307    115.18015451842956    104.58173052962215      h
  123.19031994922619    114.27318005647125    103.83076859974994      h
  116.77310245324489    120.72447315451375     94.79960805640265      h
$user-defined bonds
$end
