$coord
  109.09011019922242    115.15235163351956    115.30352972415041      c
  108.78019511342917    116.50161609239990    113.74450566451976      h
  108.47972865830036    116.15579621008183    117.01373187441192      h
  111.86989734069719    114.45504269048476    115.53785576462823      c
  112.93003370124603    116.17847292367647    116.04808182050735      h
  112.13634872543408    113.12845494519904    117.10254900265755      h
  113.33821454594934    113.40813441286610    113.29853029715873      c
  115.18447697777862    112.10422338117502    113.60088647842045      o
  112.65413368584473    114.04497211964858    110.92881372652015      o
  111.17636784992817    115.13723382445647    110.83999659827452      h
  107.27597311165219    115.39612630466181    105.24262779266725      c
  107.96383342402257    113.66513716693856    106.15536551485100      h
  108.49673619349632    115.79485851870068    103.60423523545539      h
  107.48006353400385    117.66379766412457    106.97739638265627      c
  106.21016757270469    119.55730324927600    106.95094021679586      o
  109.46238624740089    117.45781751564004    108.62334784439966      o
  109.56443145857671    119.11132788191497    109.44159925993915      h
  122.64511575041112    114.36244610997336    105.81143535866583      c
  124.36287680520418    114.66669201736795    106.94149158613143      h
  121.45269856056028    116.04619209437446    106.14969633645235      h
  121.14467320089993    112.12312064250386    106.86590254081601      c
  120.33020123762623    110.39024177864773    105.42782095369003      o
  120.72893345166509    112.16091516516158    109.21294239785998      o
  116.23327498153014    121.12955539183686     96.74641909921338      c
  115.32998589001080    118.86377375850695     98.29977398044539      c
  114.76873722854377    119.78218065908939    100.98885426754167      c
  113.23994878703928    117.91324151366548    102.55543723170386      c
  114.46638104728207    115.46226671931281    102.95794889800850      n
  115.98950031038790    115.39990575692758    104.13524827879625      h
  113.71804949865935    113.31742755848761    101.89403308519388      c
  114.61755913791292    110.91558564358995    102.48929681705286      c
  113.72749812932379    108.70082661584797    101.33656387599262      c
  114.27929816012639    106.35000730653823    102.49118654318575      c
  113.83521251889826    104.03509279375331    101.37624812478322      c
  114.21315774547540    101.70506047190533    102.61779819408908      c
  114.34732830091026     99.38069732845598    101.41971182583958      c
  114.74983996721491     97.19050474044151    102.96928725480581      c
  115.08621121886857     94.77543474261367    102.10757213820996      c
  115.45281808864837     92.46996886049318    103.54754345146883      c
  115.96115441839461     92.57579352393478    106.42370662572077      c
  116.78507501233275     89.95285365148951    107.39691558415687      c
  115.11455711086184     87.81368366906295    106.44827306544828      c
  115.32809616387793     87.67384393522943    103.58155852186077      c
  115.26384547535980     90.20796667942906    102.27386803790391      c
  114.88212079651692     89.94340502082507     99.46195555217007      c
  115.85532975495302     88.23320287056357     98.78543359659700      h
  112.86011383432927     89.65238719636069     99.04432607680234      h
  115.53218658622957     91.53833387698056     98.30922261110983      h
  117.11577708558774     86.72898086878661    103.02975849105816      h
  113.83143306663250     86.46819866244837    102.77086601085283      h
  115.65501878486714     85.99576712922696    107.30242927751259      h
  113.13034467133191     88.12548848098909    106.99440391785224      h
  118.74283128600227     89.62404130436740    106.74684979444422      h
  116.85121542698376     90.00387625707742    109.47561433033108      h
  113.56498168189562     93.39404493947426    107.87879574804272      c
  112.03052406199247     92.00698595793621    107.65202861209643      h
  113.99772896632643     93.54900248237088    109.91025134089477      h
  112.82609876393732     95.22707928837335    107.25140667192468      h
  118.17780317226946     94.37670252857480    107.05298542797169      c
  118.73338265533786     94.10647169157215    109.04097731976738      h
  119.83509299081018     93.94206551801111    105.87001686878529      h
  117.73182780490846     96.38548140783224    106.81487993522811      h
  115.01062217355313     94.52788061920565    100.06477818856058      h
  114.77251668080955     97.57600887155019    104.98940449086057      h
  114.25095226813310     99.20873225036338     98.57945344811246      c
  114.00339814472510     97.27176296415560     97.89915204027363      h
  112.71838437436286    100.37091382208806     97.78954792456626      h
  116.03863318984293     99.93627681152437     97.80466573362935      h
  114.53441118806596    101.76364198202478    104.66059214373847      h
  113.20782344278022    103.98973936656407     99.40904322044926      h
  115.14479272898802    106.39158128146171    104.36390514087542      h
  112.20437886621795    108.72539305557548     98.93661168722785      c
  113.33254536755068    107.88446492644138     97.39837461505893      h
  110.47338972849471    107.59344710197698     99.10479731305468      h
  111.69226308420593    110.63968562818864     98.34323768150175      h
  116.06319962957043    110.73417193483291    103.96517292683654      h
  112.18359187875622    113.54986387283253    100.52965081725046      h
  112.78452478901384    118.70125731107879    104.43193528165929      h
  111.43903978239926    117.52206820415815    101.58600772553352      h
  116.55830787638648    120.23382520484905    101.96584267824353      h
  113.67269607147010    121.55663349786900    100.89625768703027      h
  113.58009949095870    118.07953741335942     97.46451502970994      h
  116.72460377608041    117.31608805567363     98.39237056095679      h
  117.84332164674871    122.01016776976155     97.74797394964278      h
  114.67614064803237    122.51094519497624     96.74074992081474      h
  120.07319848355377    113.51584880244059    113.84088169729692      o
  120.12044163687591    113.32876591528490    111.98328090867034      h
  118.38189359462113    112.92436452284738    114.22827555453848      h
  107.68717523857926    113.65817962077048    115.09857692594146      h
  105.32848549776121    115.19315245934483    104.60319384859677      h
  123.14225712188737    114.22059510531213    103.81756703146505      h
  116.78189020774177    120.73589255776135     94.80044040878342      h
$user-defined bonds
$end
