$coord
  454.69834319041195    454.02560068710466    468.18720832694964      c
  454.41299454434619    455.43911583450313    466.68676577743850      h
  454.07284384042680    454.91377196956086    469.95788171346351      h
  457.50458649774714    453.23947461582424    468.35350422664362      c
  458.38708860180475    453.91410684526437    470.10339062569568      h
  457.72757418142760    451.19290121390907    468.26468709839793      h
  458.89731465768381    454.33551577289791    466.13307602050298      c
  460.34484487547428    456.13075559913926    466.23890068394456      o
  458.30772010422356    453.10530406038936    464.01280329940528      o
  458.13008584773223    454.24858837078511    462.50291211922968      h
  452.99381021854907    454.01993150870601    457.66332349290951      c
  453.61930956853422    452.03193961691034    457.81072213127459      h
  453.97268835538387    454.77582196186029    456.00225422210303      h
  454.04638767456635    455.32573226653000    459.97634827956153      c
  452.89176500737324    456.35752273508552    461.66009426396266      o
  456.60129740622779    455.17644390203202    460.04248869421252      o
  468.33649669144762    453.41332942004971    458.53448724016977      c
  469.75757074337764    454.56417263497701    459.51147565087172      h
  466.50913152094722    454.42433290114354    458.65353998654160      h
  468.02847133178722    450.96424435182990    459.91587704330919      c
  468.67286794310127    450.63921145697356    462.08339291772904      o
  466.82660551127196    449.11987164613350    458.54204614470137      o
  468.04736859311612    447.65911334541289    458.39653723246914      h
  461.84150797271963    460.00280444542193    449.43167645805966      c
  460.90042435854264    457.68600020650416    450.88676558038156      c
  459.95367156596689    458.55905367989732    453.48891846536515      c
  457.71245637236456    457.06428030878476    454.51126030325628      c
  458.28882284289466    454.57362126564152    455.60730146032995      n
  457.44789471376055    454.69456373814620    458.24346941570536      h
  458.39275778020334    452.58562937384579    454.18622740839993      c
  458.55338450149867    450.07229361710790    455.20856924629106      c
  458.44755983805703    447.83863732803701    453.88009177487243      c
  458.53070778790402    445.45947212673406    455.21423842468971      c
  458.68944478306645    443.16156514914508    454.03882877003485      c
  458.91243246674691    440.78239994784207    455.29549664840380      c
  459.49446811567572    438.53929502810678    454.10496918468584      c
  459.85918525932266    436.31130791743465    455.65076516138629      c
  460.49791269223800    433.95859888199197    454.81361648451792      c
  460.87585791881509    431.64179464307421    456.26492615457414      c
  461.27081068058817    431.75328848491444    459.15998659015497      c
  462.20622511636657    429.17192258739266    460.14642363152126      c
  460.66420859193192    426.96283273804931    459.14297905495897      c
  460.97601340385802    426.84566971781044    456.28571314203583      c
  460.86074010975204    429.38546164040878    454.98747128874345      c
  460.62263461700843    429.11145135114032    452.15666154168071      c
  461.67710179915861    427.42959509287209    451.52738273942981      h
  458.63275299907986    428.76185201655647    451.63509712900429      h
  461.28025931125262    430.73283637315620    451.04550257554399      h
  462.80715802662428    425.95182925695553    455.79438434748562      h
  459.54360099513076    425.59467101784014    455.42588775157293      h
  461.25758259765797    425.16759291180801    460.01414280221928      h
  458.65165026040870    427.19148960012853    459.62863867111059      h
  464.19232728202940    428.93948627304775    459.54738044739645      h
  462.22134292542972    429.21160683618325    462.22701210382832      h
  458.79526944650797    432.43170016662037    460.55460447622454      c
  457.32506251512297    430.99739803176021    460.22957158136825      h
  459.14675850722472    432.53752483006201    462.60495733040551      h
  458.00347419682896    434.25150643258928    459.96123047049849      h
  463.36462723582548    433.67513996205918    459.84595717639246      c
  463.84461767357845    433.48238789650486    461.86418468631427      h
  465.09372664741585    433.28585637868468    458.75180574545163      h
  462.82605528795307    435.64990377092465    459.51525510313741      h
  460.68121612712793    433.73561119831152    452.77460198713436      h
  459.57572633938980    436.63256136002519    457.66332349290951      h
  459.89509005584750    438.44102926919675    451.27793888988896      c
  459.88186197291725    436.50594970912186    450.54283542419643      h
  458.43244202899399    439.51061426041002    450.26315595652932      h
  461.73757303541095    439.28384712446376    450.79416899987024      h
  458.72912903185698    440.77295131717767    457.35718785938201      h
  458.73668793638853    443.13132953101893    451.97713755905659      h
  458.52881806177112    445.52750226751795    457.27970908793372      h
  458.24157968957252    447.74793047365853    451.04361284941109      c
  459.94422293530249    446.90700234452441    450.18945663734678      h
  456.62586384595528    446.56685164060497    450.47291555727963      h
  457.97701803096851    449.62820797587972    450.23481006453602      h
  458.66298861720600    449.96835867979917    457.26837073113643      h
  458.27559475996441    452.81428623592495    452.12831564968747      h
  456.83751317283844    458.16599064425708    456.04193847089363      h
  456.28382341590304    456.87341796936329    453.00136912308062      h
  461.51080589946469    458.57228176282752    454.87597744690322      h
  459.29226741945695    460.52625858423124    453.31128420887387      h
  459.30738522852005    456.83184399443985    449.83796757663009      h
  462.35362375473170    456.20445491832180    451.10975326406214      h
  463.42320874594498    460.87774764494799    450.48236418794403      h
  460.27492500855749    461.37474561789691    449.41466892286365      h
  464.35106427719177    452.20768414726865    465.88363217096207      o
  463.18699297933426    451.41777862372243    464.71011224244006      h
  463.51580532645636    453.81395136022144    466.21811369648282      h
  453.30496812251886    452.54688972988612    467.84853151618904      h
  450.98318406303804    454.01993150870601    457.21592588479581      h
  468.79247114268696    453.17680088626565    456.53976327192402      h
  462.41447054551912    459.63717307255968    447.48724601540533      h
$user-defined bonds
$end
